# "BaMM.dat" produced by dat_write() from R2admb Sat Jun 13 18:49:21 2026
# altitude 
 2168 

# aspect 
 226 

# DST 
 -1 

# Latitude 
 45.15857 

# Longitude 
 -113.1975 

# Slope 
 1.249682 

# SolarConst 
 1367 

# TimeZone 
 -6 

# Transmiss 
 0.8 

# Area 
 1 

# Depth 
 0.104 

# Salinity 
 0.01 

# alphaP 
 1 

# alphaGK 
 0.9972 

# SMeasFlag 
 0 

# LightSatFlag 
 1 

# SScale 
 0.2762658 

# RKstep 
 2 

# n_irr 
 1267 

# n_tC 
 1267 

# n_O2conc 
 1267 

# n_d18O 
 2 

# irr 
 0 0 0 0 0 0 0 0 0 0 0 0 0 0 0 0 0 0 0 0 0 0 0 0 0 0 0 0 0 0 0 0 0 0 0 0 0 0 0 0 0 0 0 0 0 0 0 0 0 0 0 0 0 0 0 0 0 0 0 0 0 0 0 0 0 0 0 0 0 0 0 0 0 0 0 0 0 0 0 0 0 0 0 0 0 0 0 0 0 0 0 0 0 0 0 0 0 0 0 0 0 0 0 0 0 0 0 0 0 0 0 0 0 0 0 0 0 0 0 0 0 0 0 0 0 0 0 0 0 0 0 0 0 0 0 0 0 0 0 0 0 0 0 0 0 0 0 0 0 0 0 0 0 0 0 0 0 0 0 0 0 0 0 0 0 0 0 0 0 0 0 0 0 0 0 0 0 0 0 0 0 0 0 0 0 0 0 0 0 0 0 0 0 0 0 0 0 0 0 0 0 0 0 0 0 0 0 0 0 0 0 0 0 0 0 0 0 0 0 0 0 0 0 0 0 0 0 0 0 0 0 0 0 0 0 0 0 0 0 0 0 0 0 0 0 0 0 0 0 0 0 0 0 0 0 0 0 0 0 0 0 0 0 0 0 0 0 0 0 0 0 0 0 0 0 0 0 0 0 0 0 0 0 0 0 0 0 0 0 0 0 0 0 0 0 0 0 0 0 0 0 0 0 0 0 0 0 0 0 0 0 0 0 0 0 0 0 0 0 0 0 0 0 0 0 0 0 0 0 0 0 0 0 0 0 0 0 0 0 0 0 0 0 0 0 0 0 0 0 0 0 0 0 0 0 0 0 0 0 0 0 0 0 0 0 0 0 0 0 0 0 0 0 0 0 0 0 0 0 0 0 0 0 0 0 0 0 0 0 0 0 0 0 0 0 0 0 0 0 0 0 0 0 0 0 0 0 0 0 0 0 0 0 0 0 0 0 0 0 0 0 0 0 0 0 0 0 0 0 0 0 0 0 0 0 0 0 0 0 0 0 0 0 0 0 0 0 0 0 0 0 0 0 0 0 0 0 0 0 0 0 0 0 0 0 0 0 0 0 0 0 0 0 0 0 0 0 0 0 0 0 0 0 0 0 0 0 0 0 0 0 0 0 0 0 0 0 0 0 0 0 0 0 0 0 0 0 0 0 0 0 0 0 0 0 0 0 0 0 0 0 0 0 0 0 0 0 0 0 0 0 0 0 0 0 0 0 0 0 0 0 0 0 0 0 0 0 0 0 0 0 0 0 0 0 0 0 0 0 0 0 0 0 0 0 0 0 0 0 0 0 0 0 0 0 0 0 0 0 0 0 0 0 0 0 0 0 0 0 0 0 0 0 0 0 0 0 0 0 0 0 0 0 0 0 0 0 0 0 0 0 0 0 0 0 0 0 0 0 0 0 0 0 0 0 0 0 0 0 0 0 0 0 0 0 0 0 0 0 0 0 0 0 0 0 0 0 0 0 0 0 0 0 0 0 0 0 0 0 0 0 0 0 0 0 0 0 0 0 0 0 0 0 0 0 0 0 0 0 0 0 0 0 0 0 0 0 0 0 0 0 0 0 0 0 0 0 0 0 0 0 0 0 0 0 0 0 0 0 0 0 0 0 0 0 0 0 0 0 0 0 0 0 0 0 0 0 0 0 0 0 0 0 0 0 0 0 0 0 0 0 0 0 0 0 0 0 0 0 0 0 0 0 0 0 0 0 0 0 0 0 0 0 0 0 0 0 0 0 0 0 0 0 0 0 0 0 0 0 0 0 0 0 0 0 0 0 0 0 0 0 0 0 0 0 0 0 0 0 0 0 0 0 0 0 0 0 0 0 0 0 0 0 0 0 0 0 0 0 0 0 0 0 0 0 0 0 0 0 0 0 0 0 0 0 0 0 0 0 0 0 0 0 0 0 0 0 0 0 0 0 0 0 0 0 0 0 0 0 0 0 0 0 0 0 0 0 0 0 0 0 0 0 0 0 0 0 0 0 0 0 0 0 0 0 0 0 0 0 0 0 0 0 0 0 0 0 0 0 0 0 0 0 0 0 0 0 0 0 0 0 0 0 0 0 0 0 0 0 0 0 0 0 0 0 0 0 0 0 0 0 0 0 0 0 0 0 0 0 0 0 0 0 0 0 0 0 0 0 0 0 0 0 0 0 0 0 0 0 0 0 0 0 0 0 0 0 0 0 0 0 0 0 0 0 0 0 0 0 0 0 0 0 0 0 0 0 0 0 0 0 0 0 0 0 0 0 0 0 0 0 0 0 0 0 0 0 0 0 0 0 0 0 0 0 0 0 0 0 0 0 0 0 0 0 0 0 0 0 0 0 0 0 0 0 0 0 0 0 0 0 0 0 0 0 0 0 0 0 0 0 0 0 0 0 0 0 0 0 0 0 0 0 0 0 0 0 0 0 0 0 0 0 0 0 0 0 0 0 0 0 0 0 0 0 0 0 0 0 0 0 0 0 0 0 0 0 0 0 0 0 0 0 0 0 0 0 0 0 0 0 0 0 0 0 0 0 0 0 0 0 0 0 0 0 0 0 0 0 0 0 0 0 0 0 0 0 0 0 0 0 0 0 0 0 0 0 0 0 0 0 0 0 0 0 0 0 0 0 0 0 0 0 0 0 0 0 0 0 0 0 0 0 0 0 0 0 0 0 0 0 0 0 0 0 0 0 0 0 0 0 0 0 0 0 0 0 0 0 0 0 0 0 0 0 0 0 0 0 0 0 0 0 0 0 0 0 0 0 0 0 0 0 0 0 0 0 0 0 0 0 0 0 0 0 0 0 0 0 0 0 0 0 0 0 0 0 0 0 0 0 0 0 0 0 0 0 0 0 0 0 0 0 0 0 0 0 

# DOY 
 242 242 242 242 242 242 242 242 242 242 242 242 242 242 242 242 242 242 242 242 242 242 242 242 242 242 242 242 242 242 242 242 242 242 242 242 242 242 242 242 242 242 242 242 242 242 242 242 242 242 242 242 242 242 242 242 242 242 242 242 242 242 242 242 242 242 242 242 242 242 242 242 242 242 242 242 242 242 242 242 242 242 242 242 242 242 242 242 242 242 242 242 242 242 242 242 242 242 242 242 242 242 242 242 242 242 242 242 242 242 242 242 242 242 242 242 242 242 242 242 242 242 242 242 242 242 242 242 242 242 242 242 242 242 242 242 242 242 242 242 242 242 242 242 243 243 243 243 243 243 243 243 243 243 243 243 243 243 243 243 243 243 243 243 243 243 243 243 243 243 243 243 243 243 243 243 243 243 243 243 243 243 243 243 243 243 243 243 243 243 243 243 243 243 243 243 243 243 243 243 243 243 243 243 243 243 243 243 243 243 243 243 243 243 243 243 243 243 243 243 243 243 243 243 243 243 243 243 243 243 243 243 243 243 243 243 243 243 243 243 243 243 243 243 243 243 243 243 243 243 243 243 243 243 243 243 243 243 243 243 243 243 243 243 243 243 243 243 243 243 243 243 243 243 243 243 243 243 243 243 243 243 243 243 244 244 244 244 244 244 244 244 244 244 244 244 244 244 244 244 244 244 244 244 244 244 244 244 244 244 244 244 244 244 244 244 244 244 244 244 244 244 244 244 244 244 244 244 244 244 244 244 244 244 244 244 244 244 244 244 244 244 244 244 244 244 244 244 244 244 244 244 244 244 244 244 244 244 244 244 244 244 244 244 244 244 244 244 244 244 244 244 244 244 244 244 244 244 244 244 244 244 244 244 244 244 244 244 244 244 244 244 244 244 244 244 244 244 244 244 244 244 244 244 244 244 244 244 244 244 244 244 244 244 244 244 244 244 244 244 244 244 244 244 244 244 245 245 245 245 245 245 245 245 245 245 245 245 245 245 245 245 245 245 245 245 245 245 245 245 245 245 245 245 245 245 245 245 245 245 245 245 245 245 245 245 245 245 245 245 245 245 245 245 245 245 245 245 245 245 245 245 245 245 245 245 245 245 245 245 245 245 245 245 245 245 245 245 245 245 245 245 245 245 245 245 245 245 245 245 245 245 245 245 245 245 245 245 245 245 245 245 245 245 245 245 245 245 245 245 245 245 245 245 245 245 245 245 245 245 245 245 245 245 245 245 245 245 245 245 245 245 245 245 245 245 245 245 245 245 245 245 245 245 245 245 245 246 246 246 246 246 246 246 246 246 246 246 246 246 246 246 246 246 246 246 246 246 246 246 246 246 246 246 246 246 246 246 246 246 246 246 246 246 246 246 246 246 246 246 246 246 246 246 246 246 246 246 246 246 246 246 246 246 246 246 246 246 246 246 246 246 246 246 246 246 246 246 246 246 246 246 246 246 246 246 246 246 246 246 246 246 246 246 246 246 246 246 246 246 246 246 246 246 246 246 246 246 246 246 246 246 246 246 246 246 246 246 246 246 246 246 246 246 246 246 246 246 246 246 246 246 246 246 246 246 246 246 246 246 246 246 246 246 246 246 246 246 246 247 247 247 247 247 247 247 247 247 247 247 247 247 247 247 247 247 247 247 247 247 247 247 247 247 247 247 247 247 247 247 247 247 247 247 247 247 247 247 247 247 247 247 247 247 247 247 247 247 247 247 247 247 247 247 247 247 247 247 247 247 247 247 247 247 247 247 247 247 247 247 247 247 247 247 247 247 247 247 247 247 247 247 247 247 247 247 247 247 247 247 247 247 247 247 247 247 247 247 247 247 247 247 247 247 247 247 247 247 247 247 247 247 247 247 247 247 247 247 247 247 247 247 247 247 247 247 247 247 247 247 247 247 247 247 247 247 247 248 248 248 248 248 248 248 248 248 248 248 248 248 248 248 248 248 248 248 248 248 248 248 248 248 248 248 248 248 248 248 248 248 248 248 248 248 248 248 248 248 248 248 248 248 248 248 248 248 248 248 248 248 248 248 248 248 248 248 248 248 248 248 248 248 248 248 248 248 248 248 248 248 248 248 248 248 248 248 248 248 248 248 248 248 248 248 248 248 248 248 248 248 248 248 248 248 248 248 248 248 248 248 248 248 248 248 248 248 248 248 248 248 248 248 248 248 248 248 248 248 248 248 248 248 248 248 248 248 248 248 248 248 248 248 248 248 248 248 248 248 248 248 249 249 249 249 249 249 249 249 249 249 249 249 249 249 249 249 249 249 249 249 249 249 249 249 249 249 249 249 249 249 249 249 249 249 249 249 249 249 249 249 249 249 249 249 249 249 249 249 249 249 249 249 249 249 249 249 249 249 249 249 249 249 249 249 249 249 249 249 249 249 249 249 249 249 249 249 249 249 249 249 249 249 249 249 249 249 249 249 249 249 249 249 249 249 249 249 249 249 249 249 249 249 249 249 249 249 249 249 249 249 249 249 249 249 249 249 249 249 249 249 249 249 249 249 249 249 249 249 249 249 249 249 249 249 249 249 249 249 249 249 249 249 250 250 250 250 250 250 250 250 250 250 250 250 250 250 250 250 250 250 250 250 250 250 250 250 250 250 250 250 250 250 250 250 250 250 250 250 250 250 250 250 250 250 250 250 250 250 250 250 250 250 250 250 250 250 250 250 250 250 250 250 250 250 250 250 250 250 250 250 250 250 250 250 250 250 250 250 250 250 250 250 250 250 250 250 250 250 250 250 250 250 250 250 250 250 250 250 250 250 250 250 250 250 250 250 250 250 250 250 250 250 250 250 250 250 250 250 250 250 250 250 250 250 250 250 250 250 250 250 250 250 250 250 250 250 250 

# TOD 
 0.1333333 0.3 0.4666667 0.6333333 0.8 0.9666667 1.133333 1.3 1.466667 1.633333 1.8 1.966667 2.133333 2.3 2.466667 2.633333 2.8 2.966667 3.133333 3.3 3.466667 3.633333 3.8 3.966667 4.133333 4.3 4.466667 4.633333 4.8 4.966667 5.133333 5.3 5.466667 5.633333 5.8 5.966667 6.133333 6.3 6.466667 6.633333 6.8 6.966667 7.133333 7.3 7.466667 7.633333 7.8 7.966667 8.133333 8.3 8.466667 8.633333 8.8 8.966667 9.133333 9.3 9.466667 9.633333 9.8 9.966667 10.13333 10.3 10.46667 10.63333 10.8 10.96667 11.13333 11.3 11.46667 11.63333 11.8 11.96667 12.13333 12.3 12.46667 12.63333 12.8 12.96667 13.13333 13.3 13.46667 13.63333 13.8 13.96667 14.13333 14.3 14.46667 14.63333 14.8 14.96667 15.13333 15.3 15.46667 15.63333 15.8 15.96667 16.13333 16.3 16.46667 16.63333 16.8 16.96667 17.13333 17.3 17.46667 17.63333 17.8 17.96667 18.13333 18.3 18.46667 18.63333 18.8 18.96667 19.13333 19.3 19.46667 19.63333 19.8 19.96667 20.13333 20.3 20.46667 20.63333 20.8 20.96667 21.13333 21.3 21.46667 21.63333 21.8 21.96667 22.13333 22.3 22.46667 22.63333 22.8 22.96667 23.13333 23.3 23.46667 23.63333 23.8 23.96667 0.1333333 0.3 0.4666667 0.6333333 0.8 0.9666667 1.133333 1.3 1.466667 1.8 1.966667 2.133333 2.3 2.466667 2.633333 2.8 2.966667 3.133333 3.3 3.466667 3.633333 3.8 3.966667 4.133333 4.3 4.466667 4.633333 4.8 4.966667 5.133333 5.3 5.466667 5.633333 5.8 5.966667 6.133333 6.3 6.466667 6.633333 6.8 6.966667 7.133333 7.3 7.466667 7.633333 7.8 7.966667 8.133333 8.3 8.466667 8.633333 8.8 8.966667 9.133333 9.3 9.466667 9.633333 9.8 9.966667 10.13333 10.3 10.46667 10.63333 10.8 10.96667 11.13333 11.3 11.46667 11.63333 11.8 11.96667 12.13333 12.3 12.46667 12.63333 12.8 12.96667 13.13333 13.3 13.46667 13.63333 13.8 13.96667 14.13333 14.3 14.46667 14.63333 14.8 14.96667 15.3 15.46667 15.8 15.96667 16.13333 16.3 16.46667 16.8 16.96667 17.13333 17.3 17.46667 17.63333 17.8 17.96667 18.13333 18.3 18.46667 18.63333 18.8 18.96667 19.13333 19.3 19.46667 19.63333 19.8 19.96667 20.13333 20.3 20.46667 20.63333 20.8 20.96667 21.13333 21.3 21.46667 21.63333 21.8 21.96667 22.13333 22.3 22.46667 22.63333 22.8 22.96667 23.13333 23.3 23.46667 23.63333 23.8 23.96667 0.3 0.4666667 0.6333333 0.8 0.9666667 1.133333 1.3 1.466667 1.633333 1.8 1.966667 2.3 2.466667 2.633333 2.8 2.966667 3.133333 3.3 3.466667 3.633333 3.8 3.966667 4.133333 4.3 4.466667 4.633333 4.8 4.966667 5.133333 5.3 5.466667 5.633333 5.8 5.966667 6.133333 6.3 6.466667 6.633333 6.8 6.966667 7.133333 7.3 7.466667 7.633333 7.8 7.966667 8.133333 8.3 8.466667 8.633333 8.8 8.966667 9.133333 9.3 9.466667 9.633333 9.8 9.966667 10.13333 10.3 10.46667 10.63333 10.8 10.96667 11.13333 11.3 11.46667 11.63333 11.8 11.96667 12.13333 12.3 12.46667 12.63333 12.8 12.96667 13.13333 13.3 13.46667 13.63333 13.8 13.96667 14.13333 14.3 14.46667 14.63333 14.8 14.96667 15.13333 15.3 15.46667 15.63333 15.8 15.96667 16.13333 16.3 16.46667 16.63333 16.8 16.96667 17.13333 17.3 17.46667 17.63333 17.8 17.96667 18.13333 18.3 18.46667 18.63333 18.8 18.96667 19.13333 19.3 19.46667 19.63333 19.8 19.96667 20.13333 20.3 20.46667 20.63333 20.8 20.96667 21.13333 21.3 21.46667 21.63333 21.8 21.96667 22.13333 22.3 22.46667 22.63333 22.8 22.96667 23.13333 23.3 23.46667 23.63333 23.8 23.96667 0.3 0.4666667 0.6333333 0.8 0.9666667 1.133333 1.3 1.466667 1.633333 1.8 1.966667 2.133333 2.3 2.466667 2.633333 2.8 2.966667 3.133333 3.466667 3.633333 3.8 3.966667 4.133333 4.3 4.466667 4.633333 4.8 4.966667 5.133333 5.3 5.466667 5.633333 5.8 5.966667 6.133333 6.3 6.466667 6.633333 6.8 6.966667 7.133333 7.3 7.466667 7.633333 7.8 7.966667 8.133333 8.3 8.466667 8.633333 8.8 8.966667 9.133333 9.3 9.466667 9.633333 9.8 9.966667 10.13333 10.3 10.46667 10.63333 10.8 10.96667 11.13333 11.3 11.46667 11.63333 11.8 11.96667 12.13333 12.3 12.46667 12.63333 12.8 12.96667 13.13333 13.3 13.46667 13.63333 13.8 13.96667 14.13333 14.3 14.46667 14.63333 14.8 14.96667 15.3 15.46667 15.63333 15.8 15.96667 16.13333 16.3 16.46667 16.63333 16.8 16.96667 17.13333 17.3 17.46667 17.63333 17.8 17.96667 18.13333 18.3 18.46667 18.63333 18.8 18.96667 19.13333 19.3 19.46667 19.63333 19.8 19.96667 20.13333 20.3 20.46667 20.63333 20.8 20.96667 21.13333 21.3 21.46667 21.63333 21.8 21.96667 22.13333 22.3 22.46667 22.63333 22.8 22.96667 23.13333 23.3 23.46667 23.63333 23.8 23.96667 0.1333333 0.3 0.4666667 0.6333333 0.8 0.9666667 1.133333 1.3 1.8 1.966667 2.133333 2.3 2.466667 2.633333 2.8 2.966667 3.133333 3.3 3.466667 3.633333 3.8 3.966667 4.133333 4.3 4.466667 4.633333 4.8 4.966667 5.133333 5.3 5.466667 5.633333 5.8 5.966667 6.133333 6.3 6.466667 6.633333 6.8 6.966667 7.133333 7.3 7.466667 7.633333 7.8 7.966667 8.133333 8.3 8.466667 8.633333 8.8 8.966667 9.133333 9.3 9.466667 9.633333 9.8 9.966667 10.13333 10.3 10.46667 10.63333 10.8 10.96667 11.13333 11.3 11.46667 11.63333 11.8 11.96667 12.13333 12.3 12.46667 12.63333 12.8 12.96667 13.13333 13.3 13.46667 13.63333 13.8 13.96667 14.13333 14.3 14.46667 14.63333 14.8 14.96667 15.13333 15.3 15.46667 15.63333 15.8 15.96667 16.13333 16.3 16.46667 16.63333 16.8 16.96667 17.13333 17.3 17.46667 17.63333 17.8 17.96667 18.13333 18.3 18.46667 18.63333 18.8 18.96667 19.13333 19.3 19.46667 19.63333 19.8 19.96667 20.13333 20.3 20.46667 20.63333 20.8 20.96667 21.13333 21.3 21.46667 21.63333 21.8 21.96667 22.13333 22.3 22.46667 22.63333 22.8 22.96667 23.13333 23.3 23.46667 23.63333 23.8 23.96667 0.1333333 0.3 0.4666667 1.3 1.466667 1.633333 1.8 1.966667 2.133333 2.3 2.466667 2.633333 2.8 2.966667 3.133333 3.3 3.466667 3.633333 3.8 3.966667 4.133333 4.3 4.466667 4.633333 4.966667 5.133333 5.3 5.466667 5.633333 5.8 5.966667 6.133333 6.3 6.466667 6.633333 6.8 6.966667 7.133333 7.3 7.466667 7.633333 7.8 7.966667 8.133333 8.3 8.466667 8.633333 8.8 8.966667 9.133333 9.3 9.466667 9.633333 9.8 9.966667 10.13333 10.3 10.46667 10.63333 10.8 10.96667 11.13333 11.3 11.46667 11.63333 11.8 11.96667 12.13333 12.3 12.46667 12.63333 12.8 12.96667 13.13333 13.3 13.46667 13.63333 13.8 13.96667 14.13333 14.3 14.46667 14.63333 14.8 14.96667 15.13333 15.3 15.46667 15.63333 15.8 15.96667 16.13333 16.3 16.46667 16.63333 16.8 16.96667 17.13333 17.3 17.46667 17.63333 17.8 17.96667 18.13333 18.3 18.46667 18.63333 18.8 18.96667 19.13333 19.3 19.46667 19.63333 19.8 19.96667 20.13333 20.3 20.46667 20.63333 20.8 20.96667 21.13333 21.3 21.46667 21.63333 21.8 21.96667 22.13333 22.3 22.46667 22.63333 22.8 22.96667 23.13333 23.3 23.46667 23.63333 23.8 0.1333333 0.3 0.4666667 0.6333333 0.8 0.9666667 1.133333 1.3 1.466667 1.633333 1.8 1.966667 2.133333 2.3 2.466667 2.633333 2.8 2.966667 3.133333 3.3 3.466667 3.633333 3.8 3.966667 4.133333 4.3 4.466667 4.633333 4.8 4.966667 5.133333 5.3 5.466667 5.633333 5.8 5.966667 6.133333 6.3 6.466667 6.633333 6.8 6.966667 7.133333 7.3 7.466667 7.633333 7.8 7.966667 8.133333 8.3 8.466667 8.633333 8.8 8.966667 9.133333 9.3 9.466667 9.633333 9.8 9.966667 10.13333 10.3 10.46667 10.63333 10.8 10.96667 11.13333 11.3 11.46667 11.63333 11.8 11.96667 12.13333 12.3 12.46667 12.63333 12.8 12.96667 13.13333 13.3 13.46667 13.63333 13.8 13.96667 14.13333 14.3 14.46667 14.63333 14.8 14.96667 15.13333 15.3 15.46667 15.63333 15.8 15.96667 16.13333 16.3 16.46667 16.63333 16.96667 17.13333 17.3 17.46667 17.63333 17.8 17.96667 18.13333 18.3 18.46667 18.63333 18.8 18.96667 19.13333 19.3 19.46667 19.63333 19.8 19.96667 20.13333 20.3 20.46667 20.63333 20.8 20.96667 21.13333 21.3 21.46667 21.63333 21.8 21.96667 22.13333 22.3 22.46667 22.63333 22.8 22.96667 23.13333 23.3 23.46667 23.63333 23.8 23.96667 0.1333333 0.3 0.4666667 0.6333333 0.8 0.9666667 1.133333 1.3 1.466667 1.633333 1.8 1.966667 2.133333 2.3 2.466667 2.633333 2.8 2.966667 3.133333 3.3 3.466667 3.633333 3.8 3.966667 4.133333 4.3 4.466667 4.633333 4.8 4.966667 5.133333 5.3 5.466667 5.633333 5.8 5.966667 6.133333 6.3 6.466667 6.633333 6.8 6.966667 7.133333 7.3 7.466667 7.633333 7.8 7.966667 8.133333 8.3 8.466667 8.633333 8.8 8.966667 9.133333 9.3 9.466667 9.633333 9.8 9.966667 10.13333 10.3 10.46667 10.63333 10.8 10.96667 11.13333 11.3 11.46667 11.63333 11.8 11.96667 12.13333 12.3 12.46667 12.63333 12.8 12.96667 13.13333 13.3 13.46667 13.63333 13.8 13.96667 14.13333 14.3 14.46667 14.63333 14.8 14.96667 15.13333 15.3 15.46667 15.63333 15.8 15.96667 16.13333 16.3 16.8 16.96667 17.13333 17.3 17.46667 17.63333 17.8 17.96667 18.13333 18.3 18.46667 18.63333 18.8 18.96667 19.13333 19.3 19.46667 19.63333 19.8 19.96667 20.13333 20.3 20.46667 20.63333 20.8 20.96667 21.13333 21.3 21.46667 21.63333 21.8 21.96667 22.13333 22.3 22.46667 22.63333 22.8 22.96667 23.13333 23.3 23.46667 23.63333 23.8 23.96667 0.1333333 0.3 0.4666667 0.6333333 0.8 0.9666667 1.133333 1.3 1.466667 1.633333 1.8 1.966667 2.133333 2.3 2.466667 2.633333 2.8 2.966667 3.133333 3.3 3.466667 3.633333 3.8 3.966667 4.133333 4.3 4.466667 4.633333 4.8 4.966667 5.133333 5.466667 5.633333 5.8 6.466667 6.633333 6.8 6.966667 7.133333 7.3 7.466667 7.633333 7.8 7.966667 8.133333 8.3 8.466667 8.633333 8.8 8.966667 9.133333 9.3 9.466667 9.633333 9.8 9.966667 10.13333 10.3 10.46667 10.63333 10.8 10.96667 11.13333 11.3 11.46667 11.63333 11.8 11.96667 12.13333 12.3 12.46667 12.63333 12.8 12.96667 13.13333 13.3 13.46667 13.63333 13.8 14.3 14.46667 14.63333 14.8 14.96667 15.13333 15.63333 15.8 15.96667 16.13333 16.3 16.46667 16.63333 16.8 16.96667 17.13333 17.3 17.46667 17.8 17.96667 18.13333 18.3 18.46667 18.63333 18.8 18.96667 19.13333 19.3 19.46667 19.63333 19.8 19.96667 20.13333 20.3 20.46667 20.63333 20.8 20.96667 21.13333 21.3 21.46667 21.63333 21.8 21.96667 22.13333 22.3 22.46667 22.63333 22.8 22.96667 23.13333 23.3 23.46667 23.63333 23.8 23.96667 

# Interval 
 0 0.1666667 0.3333333 0.5 0.6666667 0.8333333 1 1.166667 1.333333 1.5 1.666667 1.833333 2 2.166667 2.333333 2.5 2.666667 2.833333 3 3.166667 3.333333 3.5 3.666667 3.833333 4 4.166667 4.333333 4.5 4.666667 4.833333 5 5.166667 5.333333 5.5 5.666667 5.833333 6 6.166667 6.333333 6.5 6.666667 6.833333 7 7.166667 7.333333 7.5 7.666667 7.833333 8 8.166667 8.333333 8.5 8.666667 8.833333 9 9.166667 9.333333 9.5 9.666667 9.833333 10 10.16667 10.33333 10.5 10.66667 10.83333 11 11.16667 11.33333 11.5 11.66667 11.83333 12 12.16667 12.33333 12.5 12.66667 12.83333 13 13.16667 13.33333 13.5 13.66667 13.83333 14 14.16667 14.33333 14.5 14.66667 14.83333 15 15.16667 15.33333 15.5 15.66667 15.83333 16 16.16667 16.33333 16.5 16.66667 16.83333 17 17.16667 17.33333 17.5 17.66667 17.83333 18 18.16667 18.33333 18.5 18.66667 18.83333 19 19.16667 19.33333 19.5 19.66667 19.83333 20 20.16667 20.33333 20.5 20.66667 20.83333 21 21.16667 21.33333 21.5 21.66667 21.83333 22 22.16667 22.33333 22.5 22.66667 22.83333 23 23.16667 23.33333 23.5 23.66667 23.83333 24 24.16667 24.33333 24.5 24.66667 24.83333 25 25.16667 25.33333 25.66667 25.83333 26 26.16667 26.33333 26.5 26.66667 26.83333 27 27.16667 27.33333 27.5 27.66667 27.83333 28 28.16667 28.33333 28.5 28.66667 28.83333 29 29.16667 29.33333 29.5 29.66667 29.83333 30 30.16667 30.33333 30.5 30.66667 30.83333 31 31.16667 31.33333 31.5 31.66667 31.83333 32 32.16667 32.33333 32.5 32.66667 32.83333 33 33.16667 33.33333 33.5 33.66667 33.83333 34 34.16667 34.33333 34.5 34.66667 34.83333 35 35.16667 35.33333 35.5 35.66667 35.83333 36 36.16667 36.33333 36.5 36.66667 36.83333 37 37.16667 37.33333 37.5 37.66667 37.83333 38 38.16667 38.33333 38.5 38.66667 38.83333 39.16667 39.33333 39.66667 39.83333 40 40.16667 40.33333 40.66667 40.83333 41 41.16667 41.33333 41.5 41.66667 41.83333 42 42.16667 42.33333 42.5 42.66667 42.83333 43 43.16667 43.33333 43.5 43.66667 43.83333 44 44.16667 44.33333 44.5 44.66667 44.83333 45 45.16667 45.33333 45.5 45.66667 45.83333 46 46.16667 46.33333 46.5 46.66667 46.83333 47 47.16667 47.33333 47.5 47.66667 47.83333 48.16667 48.33333 48.5 48.66667 48.83333 49 49.16667 49.33333 49.5 49.66667 49.83333 50.16667 50.33333 50.5 50.66667 50.83333 51 51.16667 51.33333 51.5 51.66667 51.83333 52 52.16667 52.33333 52.5 52.66667 52.83333 53 53.16667 53.33333 53.5 53.66667 53.83333 54 54.16667 54.33333 54.5 54.66667 54.83333 55 55.16667 55.33333 55.5 55.66667 55.83333 56 56.16667 56.33333 56.5 56.66667 56.83333 57 57.16667 57.33333 57.5 57.66667 57.83333 58 58.16667 58.33333 58.5 58.66667 58.83333 59 59.16667 59.33333 59.5 59.66667 59.83333 60 60.16667 60.33333 60.5 60.66667 60.83333 61 61.16667 61.33333 61.5 61.66667 61.83333 62 62.16667 62.33333 62.5 62.66667 62.83333 63 63.16667 63.33333 63.5 63.66667 63.83333 64 64.16667 64.33333 64.5 64.66667 64.83333 65 65.16667 65.33333 65.5 65.66667 65.83333 66 66.16667 66.33333 66.5 66.66667 66.83333 67 67.16667 67.33333 67.5 67.66667 67.83333 68 68.16667 68.33333 68.5 68.66667 68.83333 69 69.16667 69.33333 69.5 69.66667 69.83333 70 70.16667 70.33333 70.5 70.66667 70.83333 71 71.16667 71.33333 71.5 71.66667 71.83333 72.16667 72.33333 72.5 72.66667 72.83333 73 73.16667 73.33333 73.5 73.66667 73.83333 74 74.16667 74.33333 74.5 74.66667 74.83333 75 75.33333 75.5 75.66667 75.83333 76 76.16667 76.33333 76.5 76.66667 76.83333 77 77.16667 77.33333 77.5 77.66667 77.83333 78 78.16667 78.33333 78.5 78.66667 78.83333 79 79.16667 79.33333 79.5 79.66667 79.83333 80 80.16667 80.33333 80.5 80.66667 80.83333 81 81.16667 81.33333 81.5 81.66667 81.83333 82 82.16667 82.33333 82.5 82.66667 82.83333 83 83.16667 83.33333 83.5 83.66667 83.83333 84 84.16667 84.33333 84.5 84.66667 84.83333 85 85.16667 85.33333 85.5 85.66667 85.83333 86 86.16667 86.33333 86.5 86.66667 86.83333 87.16667 87.33333 87.5 87.66667 87.83333 88 88.16667 88.33333 88.5 88.66667 88.83333 89 89.16667 89.33333 89.5 89.66667 89.83333 90 90.16667 90.33333 90.5 90.66667 90.83333 91 91.16667 91.33333 91.5 91.66667 91.83333 92 92.16667 92.33333 92.5 92.66667 92.83333 93 93.16667 93.33333 93.5 93.66667 93.83333 94 94.16667 94.33333 94.5 94.66667 94.83333 95 95.16667 95.33333 95.5 95.66667 95.83333 96 96.16667 96.33333 96.5 96.66667 96.83333 97 97.16667 97.66667 97.83333 98 98.16667 98.33333 98.5 98.66667 98.83333 99 99.16667 99.33333 99.5 99.66667 99.83333 100 100.1667 100.3333 100.5 100.6667 100.8333 101 101.1667 101.3333 101.5 101.6667 101.8333 102 102.1667 102.3333 102.5 102.6667 102.8333 103 103.1667 103.3333 103.5 103.6667 103.8333 104 104.1667 104.3333 104.5 104.6667 104.8333 105 105.1667 105.3333 105.5 105.6667 105.8333 106 106.1667 106.3333 106.5 106.6667 106.8333 107 107.1667 107.3333 107.5 107.6667 107.8333 108 108.1667 108.3333 108.5 108.6667 108.8333 109 109.1667 109.3333 109.5 109.6667 109.8333 110 110.1667 110.3333 110.5 110.6667 110.8333 111 111.1667 111.3333 111.5 111.6667 111.8333 112 112.1667 112.3333 112.5 112.6667 112.8333 113 113.1667 113.3333 113.5 113.6667 113.8333 114 114.1667 114.3333 114.5 114.6667 114.8333 115 115.1667 115.3333 115.5 115.6667 115.8333 116 116.1667 116.3333 116.5 116.6667 116.8333 117 117.1667 117.3333 117.5 117.6667 117.8333 118 118.1667 118.3333 118.5 118.6667 118.8333 119 119.1667 119.3333 119.5 119.6667 119.8333 120 120.1667 120.3333 121.1667 121.3333 121.5 121.6667 121.8333 122 122.1667 122.3333 122.5 122.6667 122.8333 123 123.1667 123.3333 123.5 123.6667 123.8333 124 124.1667 124.3333 124.5 124.8333 125 125.1667 125.3333 125.5 125.6667 125.8333 126 126.1667 126.3333 126.5 126.6667 126.8333 127 127.1667 127.3333 127.5 127.6667 127.8333 128 128.1667 128.3333 128.5 128.6667 128.8333 129 129.1667 129.3333 129.5 129.6667 129.8333 130 130.1667 130.3333 130.5 130.6667 130.8333 131 131.1667 131.3333 131.5 131.6667 131.8333 132 132.1667 132.3333 132.5 132.6667 132.8333 133 133.1667 133.3333 133.5 133.6667 133.8333 134 134.1667 134.3333 134.5 134.6667 134.8333 135 135.1667 135.3333 135.5 135.6667 135.8333 136 136.1667 136.3333 136.5 136.6667 136.8333 137 137.1667 137.3333 137.5 137.6667 137.8333 138 138.1667 138.3333 138.5 138.6667 138.8333 139 139.1667 139.3333 139.5 139.6667 139.8333 140 140.1667 140.3333 140.5 140.6667 140.8333 141 141.1667 141.3333 141.5 141.6667 141.8333 142 142.1667 142.3333 142.5 142.6667 142.8333 143 143.1667 143.3333 143.5 143.6667 144 144.1667 144.3333 144.5 144.6667 144.8333 145 145.1667 145.3333 145.5 145.6667 145.8333 146 146.1667 146.3333 146.5 146.6667 146.8333 147 147.1667 147.3333 147.5 147.6667 147.8333 148 148.1667 148.3333 148.5 148.6667 148.8333 149 149.1667 149.3333 149.5 149.6667 149.8333 150 150.1667 150.3333 150.5 150.6667 150.8333 151 151.1667 151.3333 151.5 151.6667 151.8333 152 152.1667 152.3333 152.5 152.6667 152.8333 153 153.1667 153.3333 153.5 153.6667 153.8333 154 154.1667 154.3333 154.5 154.6667 154.8333 155 155.1667 155.3333 155.5 155.6667 155.8333 156 156.1667 156.3333 156.5 156.6667 156.8333 157 157.1667 157.3333 157.5 157.6667 157.8333 158 158.1667 158.3333 158.5 158.6667 158.8333 159 159.1667 159.3333 159.5 159.6667 159.8333 160 160.1667 160.3333 160.5 160.8333 161 161.1667 161.3333 161.5 161.6667 161.8333 162 162.1667 162.3333 162.5 162.6667 162.8333 163 163.1667 163.3333 163.5 163.6667 163.8333 164 164.1667 164.3333 164.5 164.6667 164.8333 165 165.1667 165.3333 165.5 165.6667 165.8333 166 166.1667 166.3333 166.5 166.6667 166.8333 167 167.1667 167.3333 167.5 167.6667 167.8333 168 168.1667 168.3333 168.5 168.6667 168.8333 169 169.1667 169.3333 169.5 169.6667 169.8333 170 170.1667 170.3333 170.5 170.6667 170.8333 171 171.1667 171.3333 171.5 171.6667 171.8333 172 172.1667 172.3333 172.5 172.6667 172.8333 173 173.1667 173.3333 173.5 173.6667 173.8333 174 174.1667 174.3333 174.5 174.6667 174.8333 175 175.1667 175.3333 175.5 175.6667 175.8333 176 176.1667 176.3333 176.5 176.6667 176.8333 177 177.1667 177.3333 177.5 177.6667 177.8333 178 178.1667 178.3333 178.5 178.6667 178.8333 179 179.1667 179.3333 179.5 179.6667 179.8333 180 180.1667 180.3333 180.5 180.6667 180.8333 181 181.1667 181.3333 181.5 181.6667 181.8333 182 182.1667 182.3333 182.5 182.6667 182.8333 183 183.1667 183.3333 183.5 183.6667 183.8333 184 184.1667 184.6667 184.8333 185 185.1667 185.3333 185.5 185.6667 185.8333 186 186.1667 186.3333 186.5 186.6667 186.8333 187 187.1667 187.3333 187.5 187.6667 187.8333 188 188.1667 188.3333 188.5 188.6667 188.8333 189 189.1667 189.3333 189.5 189.6667 189.8333 190 190.1667 190.3333 190.5 190.6667 190.8333 191 191.1667 191.3333 191.5 191.6667 191.8333 192 192.1667 192.3333 192.5 192.6667 192.8333 193 193.1667 193.3333 193.5 193.6667 193.8333 194 194.1667 194.3333 194.5 194.6667 194.8333 195 195.1667 195.3333 195.5 195.6667 195.8333 196 196.1667 196.3333 196.5 196.6667 196.8333 197 197.3333 197.5 197.6667 198.3333 198.5 198.6667 198.8333 199 199.1667 199.3333 199.5 199.6667 199.8333 200 200.1667 200.3333 200.5 200.6667 200.8333 201 201.1667 201.3333 201.5 201.6667 201.8333 202 202.1667 202.3333 202.5 202.6667 202.8333 203 203.1667 203.3333 203.5 203.6667 203.8333 204 204.1667 204.3333 204.5 204.6667 204.8333 205 205.1667 205.3333 205.5 205.6667 206.1667 206.3333 206.5 206.6667 206.8333 207 207.5 207.6667 207.8333 208 208.1667 208.3333 208.5 208.6667 208.8333 209 209.1667 209.3333 209.6667 209.8333 210 210.1667 210.3333 210.5 210.6667 210.8333 211 211.1667 211.3333 211.5 211.6667 211.8333 212 212.1667 212.3333 212.5 212.6667 212.8333 213 213.1667 213.3333 213.5 213.6667 213.8333 214 214.1667 214.3333 214.5 214.6667 214.8333 215 215.1667 215.3333 215.5 215.6667 215.8333 

# temp 
 12.753 12.709 12.7 12.665 12.63 12.586 12.541 12.444 12.302 12.276 12.187 12.098 12.027 11.964 11.902 11.839 11.786 11.697 11.616 11.553 11.491 11.401 11.356 11.284 11.221 11.14 11.068 10.996 10.96 10.869 10.842 10.752 10.688 10.607 10.561 10.47 10.416 10.37 10.316 10.252 10.188 10.133 10.06 10.023 9.996 9.932 9.95 9.95 9.941 9.913 9.978 9.941 9.968 10.023 10.014 10.051 10.078 10.106 10.124 10.188 10.197 10.27 10.37 10.461 10.589 10.697 10.797 10.887 10.996 10.987 11.176 11.293 11.464 11.67 11.92 12.107 12.222 12.435 12.674 12.886 13.097 13.307 13.5 13.753 14.032 14.215 14.388 14.406 14.345 14.38 14.371 14.423 14.414 14.553 14.743 14.993 15.252 15.501 15.741 15.929 16.032 15.989 15.972 15.98 15.946 15.878 15.903 15.903 15.818 15.758 15.689 15.586 15.449 15.243 15.071 14.942 14.847 14.734 14.613 14.458 14.38 14.267 14.154 14.067 13.971 13.841 13.736 13.631 13.526 13.421 13.29 13.202 13.097 12.974 12.886 12.797 12.683 12.603 12.488 12.391 12.311 12.204 12.125 12.036 11.938 11.866 11.804 11.697 11.643 11.535 11.473 11.383 11.302 11.158 11.104 11.014 10.915 10.842 10.806 10.734 10.67 10.57 10.489 10.452 10.37 10.316 10.261 10.188 10.097 10.051 9.978 9.95 9.868 9.794 9.721 9.647 9.647 9.592 9.536 9.426 9.407 9.361 9.315 9.25 9.166 9.185 9.111 9.073 9.046 8.962 9.008 8.98 8.971 8.943 8.962 8.971 8.943 8.999 9.027 9.008 9.036 9.101 9.111 9.194 9.24 9.342 9.453 9.592 9.693 9.831 9.987 10.179 10.443 10.552 10.725 10.933 11.113 11.302 11.518 11.741 11.92 12.151 12.373 12.559 12.842 13.079 13.281 13.439 13.684 13.963 14.163 14.275 14.432 14.657 14.708 14.89 15.045 15.028 15.174 15.286 15.552 15.818 16.049 16.254 16.296 16.356 16.433 16.433 16.313 16.254 16.143 16.04 15.843 15.604 15.406 15.226 15.114 15.01 14.873 14.726 14.596 14.44 14.293 14.154 13.997 13.893 13.762 13.622 13.518 13.395 13.316 13.185 13.088 12.982 12.859 12.745 12.656 12.532 12.471 12.355 12.24 12.142 12.062 11.982 11.804 11.697 11.607 11.518 11.419 11.329 11.221 11.149 11.095 11.005 10.924 10.761 10.697 10.625 10.561 10.489 10.443 10.343 10.279 10.243 10.206 10.17 10.115 10.042 9.996 9.932 9.849 9.812 9.757 9.721 9.628 9.592 9.527 9.472 9.389 9.379 9.296 9.25 9.203 9.157 9.12 9.083 9.018 9.008 8.99 8.962 8.962 8.971 8.953 8.962 8.971 8.971 8.99 9.018 9.073 9.083 9.157 9.176 9.259 9.324 9.416 9.444 9.527 9.647 9.812 9.996 10.224 10.398 10.616 10.779 10.978 11.248 11.392 11.661 11.759 12 12.222 12.364 12.55 12.709 12.894 13.035 13.106 13.079 13.176 13.062 13.255 13.491 13.622 13.684 13.727 13.745 13.78 13.78 13.936 14.249 14.423 14.752 14.976 15.114 15.346 15.475 15.501 15.612 15.715 15.826 15.852 15.826 15.809 15.715 15.595 15.432 15.303 15.209 15.097 15.002 14.873 14.76 14.639 14.484 14.319 14.18 14.058 13.928 13.788 13.71 13.561 13.43 13.325 13.202 13.114 13.018 12.93 12.806 12.736 12.594 12.55 12.471 12.373 12.302 12.204 12.107 11.946 11.848 11.777 11.688 11.625 11.553 11.482 11.401 11.338 11.257 11.203 11.122 11.095 11.005 10.933 10.842 10.806 10.725 10.598 10.516 10.48 10.407 10.361 10.307 10.252 10.179 10.115 10.06 10.042 9.95 9.886 9.858 9.776 9.739 9.702 9.647 9.582 9.536 9.536 9.453 9.416 9.361 9.324 9.296 9.268 9.268 9.222 9.24 9.231 9.24 9.25 9.268 9.287 9.352 9.379 9.435 9.463 9.509 9.582 9.638 9.693 9.767 9.877 9.978 10.124 10.307 10.48 10.661 10.887 11.032 11.284 11.419 11.643 11.92 12.071 12.267 12.462 12.586 12.736 12.859 12.956 13.026 13.114 13.185 13.272 13.369 13.465 13.579 13.727 13.832 13.928 13.98 14.006 14.119 14.137 14.154 14.223 14.319 14.362 14.423 14.501 14.501 14.501 14.579 14.691 14.924 15.148 15.484 15.766 15.938 15.843 15.732 15.569 15.441 15.303 15.131 14.967 14.812 14.648 14.475 14.345 14.223 14.076 13.928 13.78 13.622 13.544 13.421 13.281 13.193 13.044 12.965 12.877 12.745 12.639 12.55 12.444 12.346 12.284 12.187 12.089 12.009 11.929 11.848 11.786 11.679 11.58 11.544 11.446 11.176 11.131 11.05 10.996 10.924 10.86 10.779 10.716 10.652 10.598 10.543 10.47 10.416 10.361 10.27 10.215 10.151 10.097 10.032 10.005 9.95 9.913 9.849 9.785 9.73 9.702 9.638 9.573 9.509 9.453 9.389 9.361 9.315 9.268 9.231 9.222 9.176 9.157 9.148 9.185 9.185 9.213 9.203 9.259 9.305 9.324 9.407 9.426 9.49 9.555 9.656 9.757 9.858 9.923 9.978 10.078 10.124 10.179 10.316 10.352 10.47 10.561 10.716 10.797 10.951 11.005 11.095 11.221 11.302 11.419 11.518 11.625 11.75 11.884 12.018 12.142 12.213 12.435 12.718 12.903 12.965 13.106 13.228 13.404 13.491 13.771 13.823 13.963 14.006 13.997 14.119 14.128 14.145 14.206 14.258 14.215 14.31 14.345 14.354 14.44 14.458 14.466 14.38 14.976 15.38 15.621 15.724 15.638 15.501 15.329 15.166 14.985 14.803 14.657 14.535 14.362 14.223 14.067 13.954 13.832 13.701 13.57 13.43 13.325 13.193 13.079 12.991 12.886 12.762 12.674 12.568 12.488 12.382 12.284 12.187 12.089 12 11.553 11.518 11.383 11.293 11.239 11.167 11.077 10.987 10.915 10.833 10.743 10.67 10.625 10.543 10.507 10.398 10.343 10.297 10.224 10.17 10.106 9.987 9.959 9.886 9.803 9.767 9.739 9.647 9.573 9.536 9.509 9.407 9.37 9.305 9.268 9.203 9.194 9.138 9.129 9.111 9.111 9.111 9.101 9.129 9.166 9.176 9.222 9.278 9.324 9.37 9.426 9.49 9.564 9.647 9.748 9.803 9.877 9.968 10.06 10.042 10.17 10.234 10.343 10.525 10.607 10.734 10.897 11.032 11.122 11.158 11.284 11.356 11.491 11.652 11.786 11.884 12.053 12.116 12.24 12.329 12.391 12.444 12.524 12.594 12.674 12.727 12.806 12.797 12.886 12.93 12.982 13.097 13.114 13.176 13.211 13.255 13.29 13.264 13.325 13.377 13.421 13.561 14.058 14.284 14.501 14.38 14.206 14.084 14.006 13.867 13.71 13.579 13.456 13.325 13.176 13.097 12.956 12.85 12.718 12.594 12.506 12.417 12.311 12.267 12.098 12.009 11.902 11.786 11.67 11.562 11.464 11.338 11.221 11.113 11.014 10.779 10.634 10.543 10.434 10.334 10.252 10.142 10.078 10.005 9.923 9.849 9.776 9.739 9.601 9.555 9.453 9.379 9.287 9.24 9.176 9.101 9.036 8.953 8.897 8.813 8.813 8.701 8.626 8.551 8.457 8.363 8.288 8.241 8.156 8.09 8.043 7.967 7.92 7.834 7.768 7.692 7.664 7.616 7.53 7.502 7.454 7.406 7.387 7.387 7.339 7.349 7.339 7.32 7.339 7.31 7.32 7.33 7.358 7.397 7.473 7.549 7.559 7.625 7.702 7.73 7.816 7.891 8.062 8.203 8.41 8.56 8.719 9.018 9.194 9.444 9.582 9.776 9.95 10.215 10.407 10.589 10.743 10.824 10.842 10.86 10.951 11.104 11.194 11.284 11.374 11.446 11.526 11.58 11.679 11.786 11.902 11.973 12.062 12.116 12.187 12.373 12.488 12.63 12.771 13.123 13.491 13.745 14.032 14.145 14.163 14.076 13.954 13.78 13.544 13.342 13.149 12.947 12.78 12.612 12.417 12.258 12.098 11.946 11.813 11.714 11.553 11.419 11.32 11.212 11.113 10.969 10.887 10.77 10.661 10.561 10.47 10.352 10.243 10.151 10.087 9.987 9.886 9.794 9.739 9.628 9.573 9.481 9.407 9.333 9.231 9.166 9.092 9.036 8.962 8.887 8.785 8.729 8.663 8.57 8.523 8.429 8.401 8.354 8.288 8.166 8.147 8.099 8.043 7.948 7.929 7.882 7.834 7.806 7.74 7.683 7.635 7.568 7.521 7.482 7.435 7.406 7.349 7.31 7.234 7.186 7.167 7.128 7.08 7.051 7.042 7.051 6.994 6.984 7.042 7.042 7.071 7.099 7.147 7.186 7.253 7.31 7.397 7.463 7.53 7.625 7.692 7.797 7.91 8.071 8.081 8.25 8.401 8.617 8.794 8.925 9.064 9.268 9.564 9.684 9.858 9.996 10.106 10.215 10.343 10.461 10.534 10.625 10.716 10.824 10.924 11.086 11.221 11.275 11.365 11.392 11.5 11.509 11.625 11.839 11.866 11.911 12.133 12.222 12.222 12.249 12.32 12.471 12.709 12.982 13.395 13.631 13.753 13.745 13.771 13.727 13.596 13.5 13.386 13.246 13.106 13.026 12.868 12.709 12.621 12.541 12.426 12.355 12.276 12.196 12.098 12 11.92 11.777 11.705 11.634 11.562 11.428 11.365 11.284 11.23 11.185 11.167 11.131 11.122 11.095 11.077 11.059 11.014 11.005 11.005 10.969 10.942 10.906 10.887 10.878 10.86 10.842 10.833 10.833 10.797 10.788 10.788 10.788 10.734 10.725 10.706 10.679 10.652 10.67 10.625 10.589 10.552 10.543 10.525 10.525 10.48 10.47 10.443 10.407 10.425 10.425 10.407 10.425 10.461 10.425 10.434 10.443 10.434 10.461 10.452 10.452 10.498 10.534 10.552 10.625 10.616 10.661 10.716 10.725 10.797 10.842 10.942 10.942 11.005 11.077 11.122 11.104 11.158 11.23 11.221 11.347 11.518 11.616 11.688 11.822 11.92 12.018 12.089 12.187 12.196 12.267 12.338 12.506 12.63 12.921 12.956 13.026 13.158 13.202 13.272 13.43 13.439 13.491 13.474 13.579 13.692 13.736 13.867 13.849 13.771 13.814 13.867 13.875 13.884 13.875 14.301 14.622 14.717 14.812 14.648 14.492 14.284 14.093 13.963 13.832 13.71 13.57 13.43 13.299 13.176 13.044 12.93 12.824 12.718 12.594 12.497 12.435 12.329 12.267 12.213 12.16 12.142 12.107 12.116 12.098 12.089 12.053 12.018 11.982 11.902 

# DOY 
 242 242 242 242 242 242 242 242 242 242 242 242 242 242 242 242 242 242 242 242 242 242 242 242 242 242 242 242 242 242 242 242 242 242 242 242 242 242 242 242 242 242 242 242 242 242 242 242 242 242 242 242 242 242 242 242 242 242 242 242 242 242 242 242 242 242 242 242 242 242 242 242 242 242 242 242 242 242 242 242 242 242 242 242 242 242 242 242 242 242 242 242 242 242 242 242 242 242 242 242 242 242 242 242 242 242 242 242 242 242 242 242 242 242 242 242 242 242 242 242 242 242 242 242 242 242 242 242 242 242 242 242 242 242 242 242 242 242 242 242 242 242 242 242 243 243 243 243 243 243 243 243 243 243 243 243 243 243 243 243 243 243 243 243 243 243 243 243 243 243 243 243 243 243 243 243 243 243 243 243 243 243 243 243 243 243 243 243 243 243 243 243 243 243 243 243 243 243 243 243 243 243 243 243 243 243 243 243 243 243 243 243 243 243 243 243 243 243 243 243 243 243 243 243 243 243 243 243 243 243 243 243 243 243 243 243 243 243 243 243 243 243 243 243 243 243 243 243 243 243 243 243 243 243 243 243 243 243 243 243 243 243 243 243 243 243 243 243 243 243 243 243 243 243 243 243 243 243 243 243 243 243 243 243 244 244 244 244 244 244 244 244 244 244 244 244 244 244 244 244 244 244 244 244 244 244 244 244 244 244 244 244 244 244 244 244 244 244 244 244 244 244 244 244 244 244 244 244 244 244 244 244 244 244 244 244 244 244 244 244 244 244 244 244 244 244 244 244 244 244 244 244 244 244 244 244 244 244 244 244 244 244 244 244 244 244 244 244 244 244 244 244 244 244 244 244 244 244 244 244 244 244 244 244 244 244 244 244 244 244 244 244 244 244 244 244 244 244 244 244 244 244 244 244 244 244 244 244 244 244 244 244 244 244 244 244 244 244 244 244 244 244 244 244 244 244 245 245 245 245 245 245 245 245 245 245 245 245 245 245 245 245 245 245 245 245 245 245 245 245 245 245 245 245 245 245 245 245 245 245 245 245 245 245 245 245 245 245 245 245 245 245 245 245 245 245 245 245 245 245 245 245 245 245 245 245 245 245 245 245 245 245 245 245 245 245 245 245 245 245 245 245 245 245 245 245 245 245 245 245 245 245 245 245 245 245 245 245 245 245 245 245 245 245 245 245 245 245 245 245 245 245 245 245 245 245 245 245 245 245 245 245 245 245 245 245 245 245 245 245 245 245 245 245 245 245 245 245 245 245 245 245 245 245 245 245 245 246 246 246 246 246 246 246 246 246 246 246 246 246 246 246 246 246 246 246 246 246 246 246 246 246 246 246 246 246 246 246 246 246 246 246 246 246 246 246 246 246 246 246 246 246 246 246 246 246 246 246 246 246 246 246 246 246 246 246 246 246 246 246 246 246 246 246 246 246 246 246 246 246 246 246 246 246 246 246 246 246 246 246 246 246 246 246 246 246 246 246 246 246 246 246 246 246 246 246 246 246 246 246 246 246 246 246 246 246 246 246 246 246 246 246 246 246 246 246 246 246 246 246 246 246 246 246 246 246 246 246 246 246 246 246 246 246 246 246 246 246 246 247 247 247 247 247 247 247 247 247 247 247 247 247 247 247 247 247 247 247 247 247 247 247 247 247 247 247 247 247 247 247 247 247 247 247 247 247 247 247 247 247 247 247 247 247 247 247 247 247 247 247 247 247 247 247 247 247 247 247 247 247 247 247 247 247 247 247 247 247 247 247 247 247 247 247 247 247 247 247 247 247 247 247 247 247 247 247 247 247 247 247 247 247 247 247 247 247 247 247 247 247 247 247 247 247 247 247 247 247 247 247 247 247 247 247 247 247 247 247 247 247 247 247 247 247 247 247 247 247 247 247 247 247 247 247 247 247 247 248 248 248 248 248 248 248 248 248 248 248 248 248 248 248 248 248 248 248 248 248 248 248 248 248 248 248 248 248 248 248 248 248 248 248 248 248 248 248 248 248 248 248 248 248 248 248 248 248 248 248 248 248 248 248 248 248 248 248 248 248 248 248 248 248 248 248 248 248 248 248 248 248 248 248 248 248 248 248 248 248 248 248 248 248 248 248 248 248 248 248 248 248 248 248 248 248 248 248 248 248 248 248 248 248 248 248 248 248 248 248 248 248 248 248 248 248 248 248 248 248 248 248 248 248 248 248 248 248 248 248 248 248 248 248 248 248 248 248 248 248 248 248 249 249 249 249 249 249 249 249 249 249 249 249 249 249 249 249 249 249 249 249 249 249 249 249 249 249 249 249 249 249 249 249 249 249 249 249 249 249 249 249 249 249 249 249 249 249 249 249 249 249 249 249 249 249 249 249 249 249 249 249 249 249 249 249 249 249 249 249 249 249 249 249 249 249 249 249 249 249 249 249 249 249 249 249 249 249 249 249 249 249 249 249 249 249 249 249 249 249 249 249 249 249 249 249 249 249 249 249 249 249 249 249 249 249 249 249 249 249 249 249 249 249 249 249 249 249 249 249 249 249 249 249 249 249 249 249 249 249 249 249 249 249 250 250 250 250 250 250 250 250 250 250 250 250 250 250 250 250 250 250 250 250 250 250 250 250 250 250 250 250 250 250 250 250 250 250 250 250 250 250 250 250 250 250 250 250 250 250 250 250 250 250 250 250 250 250 250 250 250 250 250 250 250 250 250 250 250 250 250 250 250 250 250 250 250 250 250 250 250 250 250 250 250 250 250 250 250 250 250 250 250 250 250 250 250 250 250 250 250 250 250 250 250 250 250 250 250 250 250 250 250 250 250 250 250 250 250 250 250 250 250 250 250 250 250 250 250 250 250 250 250 250 250 250 250 250 250 

# TOD 
 0.1333333 0.3 0.4666667 0.6333333 0.8 0.9666667 1.133333 1.3 1.466667 1.633333 1.8 1.966667 2.133333 2.3 2.466667 2.633333 2.8 2.966667 3.133333 3.3 3.466667 3.633333 3.8 3.966667 4.133333 4.3 4.466667 4.633333 4.8 4.966667 5.133333 5.3 5.466667 5.633333 5.8 5.966667 6.133333 6.3 6.466667 6.633333 6.8 6.966667 7.133333 7.3 7.466667 7.633333 7.8 7.966667 8.133333 8.3 8.466667 8.633333 8.8 8.966667 9.133333 9.3 9.466667 9.633333 9.8 9.966667 10.13333 10.3 10.46667 10.63333 10.8 10.96667 11.13333 11.3 11.46667 11.63333 11.8 11.96667 12.13333 12.3 12.46667 12.63333 12.8 12.96667 13.13333 13.3 13.46667 13.63333 13.8 13.96667 14.13333 14.3 14.46667 14.63333 14.8 14.96667 15.13333 15.3 15.46667 15.63333 15.8 15.96667 16.13333 16.3 16.46667 16.63333 16.8 16.96667 17.13333 17.3 17.46667 17.63333 17.8 17.96667 18.13333 18.3 18.46667 18.63333 18.8 18.96667 19.13333 19.3 19.46667 19.63333 19.8 19.96667 20.13333 20.3 20.46667 20.63333 20.8 20.96667 21.13333 21.3 21.46667 21.63333 21.8 21.96667 22.13333 22.3 22.46667 22.63333 22.8 22.96667 23.13333 23.3 23.46667 23.63333 23.8 23.96667 0.1333333 0.3 0.4666667 0.6333333 0.8 0.9666667 1.133333 1.3 1.466667 1.8 1.966667 2.133333 2.3 2.466667 2.633333 2.8 2.966667 3.133333 3.3 3.466667 3.633333 3.8 3.966667 4.133333 4.3 4.466667 4.633333 4.8 4.966667 5.133333 5.3 5.466667 5.633333 5.8 5.966667 6.133333 6.3 6.466667 6.633333 6.8 6.966667 7.133333 7.3 7.466667 7.633333 7.8 7.966667 8.133333 8.3 8.466667 8.633333 8.8 8.966667 9.133333 9.3 9.466667 9.633333 9.8 9.966667 10.13333 10.3 10.46667 10.63333 10.8 10.96667 11.13333 11.3 11.46667 11.63333 11.8 11.96667 12.13333 12.3 12.46667 12.63333 12.8 12.96667 13.13333 13.3 13.46667 13.63333 13.8 13.96667 14.13333 14.3 14.46667 14.63333 14.8 14.96667 15.3 15.46667 15.8 15.96667 16.13333 16.3 16.46667 16.8 16.96667 17.13333 17.3 17.46667 17.63333 17.8 17.96667 18.13333 18.3 18.46667 18.63333 18.8 18.96667 19.13333 19.3 19.46667 19.63333 19.8 19.96667 20.13333 20.3 20.46667 20.63333 20.8 20.96667 21.13333 21.3 21.46667 21.63333 21.8 21.96667 22.13333 22.3 22.46667 22.63333 22.8 22.96667 23.13333 23.3 23.46667 23.63333 23.8 23.96667 0.3 0.4666667 0.6333333 0.8 0.9666667 1.133333 1.3 1.466667 1.633333 1.8 1.966667 2.3 2.466667 2.633333 2.8 2.966667 3.133333 3.3 3.466667 3.633333 3.8 3.966667 4.133333 4.3 4.466667 4.633333 4.8 4.966667 5.133333 5.3 5.466667 5.633333 5.8 5.966667 6.133333 6.3 6.466667 6.633333 6.8 6.966667 7.133333 7.3 7.466667 7.633333 7.8 7.966667 8.133333 8.3 8.466667 8.633333 8.8 8.966667 9.133333 9.3 9.466667 9.633333 9.8 9.966667 10.13333 10.3 10.46667 10.63333 10.8 10.96667 11.13333 11.3 11.46667 11.63333 11.8 11.96667 12.13333 12.3 12.46667 12.63333 12.8 12.96667 13.13333 13.3 13.46667 13.63333 13.8 13.96667 14.13333 14.3 14.46667 14.63333 14.8 14.96667 15.13333 15.3 15.46667 15.63333 15.8 15.96667 16.13333 16.3 16.46667 16.63333 16.8 16.96667 17.13333 17.3 17.46667 17.63333 17.8 17.96667 18.13333 18.3 18.46667 18.63333 18.8 18.96667 19.13333 19.3 19.46667 19.63333 19.8 19.96667 20.13333 20.3 20.46667 20.63333 20.8 20.96667 21.13333 21.3 21.46667 21.63333 21.8 21.96667 22.13333 22.3 22.46667 22.63333 22.8 22.96667 23.13333 23.3 23.46667 23.63333 23.8 23.96667 0.3 0.4666667 0.6333333 0.8 0.9666667 1.133333 1.3 1.466667 1.633333 1.8 1.966667 2.133333 2.3 2.466667 2.633333 2.8 2.966667 3.133333 3.466667 3.633333 3.8 3.966667 4.133333 4.3 4.466667 4.633333 4.8 4.966667 5.133333 5.3 5.466667 5.633333 5.8 5.966667 6.133333 6.3 6.466667 6.633333 6.8 6.966667 7.133333 7.3 7.466667 7.633333 7.8 7.966667 8.133333 8.3 8.466667 8.633333 8.8 8.966667 9.133333 9.3 9.466667 9.633333 9.8 9.966667 10.13333 10.3 10.46667 10.63333 10.8 10.96667 11.13333 11.3 11.46667 11.63333 11.8 11.96667 12.13333 12.3 12.46667 12.63333 12.8 12.96667 13.13333 13.3 13.46667 13.63333 13.8 13.96667 14.13333 14.3 14.46667 14.63333 14.8 14.96667 15.3 15.46667 15.63333 15.8 15.96667 16.13333 16.3 16.46667 16.63333 16.8 16.96667 17.13333 17.3 17.46667 17.63333 17.8 17.96667 18.13333 18.3 18.46667 18.63333 18.8 18.96667 19.13333 19.3 19.46667 19.63333 19.8 19.96667 20.13333 20.3 20.46667 20.63333 20.8 20.96667 21.13333 21.3 21.46667 21.63333 21.8 21.96667 22.13333 22.3 22.46667 22.63333 22.8 22.96667 23.13333 23.3 23.46667 23.63333 23.8 23.96667 0.1333333 0.3 0.4666667 0.6333333 0.8 0.9666667 1.133333 1.3 1.8 1.966667 2.133333 2.3 2.466667 2.633333 2.8 2.966667 3.133333 3.3 3.466667 3.633333 3.8 3.966667 4.133333 4.3 4.466667 4.633333 4.8 4.966667 5.133333 5.3 5.466667 5.633333 5.8 5.966667 6.133333 6.3 6.466667 6.633333 6.8 6.966667 7.133333 7.3 7.466667 7.633333 7.8 7.966667 8.133333 8.3 8.466667 8.633333 8.8 8.966667 9.133333 9.3 9.466667 9.633333 9.8 9.966667 10.13333 10.3 10.46667 10.63333 10.8 10.96667 11.13333 11.3 11.46667 11.63333 11.8 11.96667 12.13333 12.3 12.46667 12.63333 12.8 12.96667 13.13333 13.3 13.46667 13.63333 13.8 13.96667 14.13333 14.3 14.46667 14.63333 14.8 14.96667 15.13333 15.3 15.46667 15.63333 15.8 15.96667 16.13333 16.3 16.46667 16.63333 16.8 16.96667 17.13333 17.3 17.46667 17.63333 17.8 17.96667 18.13333 18.3 18.46667 18.63333 18.8 18.96667 19.13333 19.3 19.46667 19.63333 19.8 19.96667 20.13333 20.3 20.46667 20.63333 20.8 20.96667 21.13333 21.3 21.46667 21.63333 21.8 21.96667 22.13333 22.3 22.46667 22.63333 22.8 22.96667 23.13333 23.3 23.46667 23.63333 23.8 23.96667 0.1333333 0.3 0.4666667 1.3 1.466667 1.633333 1.8 1.966667 2.133333 2.3 2.466667 2.633333 2.8 2.966667 3.133333 3.3 3.466667 3.633333 3.8 3.966667 4.133333 4.3 4.466667 4.633333 4.966667 5.133333 5.3 5.466667 5.633333 5.8 5.966667 6.133333 6.3 6.466667 6.633333 6.8 6.966667 7.133333 7.3 7.466667 7.633333 7.8 7.966667 8.133333 8.3 8.466667 8.633333 8.8 8.966667 9.133333 9.3 9.466667 9.633333 9.8 9.966667 10.13333 10.3 10.46667 10.63333 10.8 10.96667 11.13333 11.3 11.46667 11.63333 11.8 11.96667 12.13333 12.3 12.46667 12.63333 12.8 12.96667 13.13333 13.3 13.46667 13.63333 13.8 13.96667 14.13333 14.3 14.46667 14.63333 14.8 14.96667 15.13333 15.3 15.46667 15.63333 15.8 15.96667 16.13333 16.3 16.46667 16.63333 16.8 16.96667 17.13333 17.3 17.46667 17.63333 17.8 17.96667 18.13333 18.3 18.46667 18.63333 18.8 18.96667 19.13333 19.3 19.46667 19.63333 19.8 19.96667 20.13333 20.3 20.46667 20.63333 20.8 20.96667 21.13333 21.3 21.46667 21.63333 21.8 21.96667 22.13333 22.3 22.46667 22.63333 22.8 22.96667 23.13333 23.3 23.46667 23.63333 23.8 0.1333333 0.3 0.4666667 0.6333333 0.8 0.9666667 1.133333 1.3 1.466667 1.633333 1.8 1.966667 2.133333 2.3 2.466667 2.633333 2.8 2.966667 3.133333 3.3 3.466667 3.633333 3.8 3.966667 4.133333 4.3 4.466667 4.633333 4.8 4.966667 5.133333 5.3 5.466667 5.633333 5.8 5.966667 6.133333 6.3 6.466667 6.633333 6.8 6.966667 7.133333 7.3 7.466667 7.633333 7.8 7.966667 8.133333 8.3 8.466667 8.633333 8.8 8.966667 9.133333 9.3 9.466667 9.633333 9.8 9.966667 10.13333 10.3 10.46667 10.63333 10.8 10.96667 11.13333 11.3 11.46667 11.63333 11.8 11.96667 12.13333 12.3 12.46667 12.63333 12.8 12.96667 13.13333 13.3 13.46667 13.63333 13.8 13.96667 14.13333 14.3 14.46667 14.63333 14.8 14.96667 15.13333 15.3 15.46667 15.63333 15.8 15.96667 16.13333 16.3 16.46667 16.63333 16.96667 17.13333 17.3 17.46667 17.63333 17.8 17.96667 18.13333 18.3 18.46667 18.63333 18.8 18.96667 19.13333 19.3 19.46667 19.63333 19.8 19.96667 20.13333 20.3 20.46667 20.63333 20.8 20.96667 21.13333 21.3 21.46667 21.63333 21.8 21.96667 22.13333 22.3 22.46667 22.63333 22.8 22.96667 23.13333 23.3 23.46667 23.63333 23.8 23.96667 0.1333333 0.3 0.4666667 0.6333333 0.8 0.9666667 1.133333 1.3 1.466667 1.633333 1.8 1.966667 2.133333 2.3 2.466667 2.633333 2.8 2.966667 3.133333 3.3 3.466667 3.633333 3.8 3.966667 4.133333 4.3 4.466667 4.633333 4.8 4.966667 5.133333 5.3 5.466667 5.633333 5.8 5.966667 6.133333 6.3 6.466667 6.633333 6.8 6.966667 7.133333 7.3 7.466667 7.633333 7.8 7.966667 8.133333 8.3 8.466667 8.633333 8.8 8.966667 9.133333 9.3 9.466667 9.633333 9.8 9.966667 10.13333 10.3 10.46667 10.63333 10.8 10.96667 11.13333 11.3 11.46667 11.63333 11.8 11.96667 12.13333 12.3 12.46667 12.63333 12.8 12.96667 13.13333 13.3 13.46667 13.63333 13.8 13.96667 14.13333 14.3 14.46667 14.63333 14.8 14.96667 15.13333 15.3 15.46667 15.63333 15.8 15.96667 16.13333 16.3 16.8 16.96667 17.13333 17.3 17.46667 17.63333 17.8 17.96667 18.13333 18.3 18.46667 18.63333 18.8 18.96667 19.13333 19.3 19.46667 19.63333 19.8 19.96667 20.13333 20.3 20.46667 20.63333 20.8 20.96667 21.13333 21.3 21.46667 21.63333 21.8 21.96667 22.13333 22.3 22.46667 22.63333 22.8 22.96667 23.13333 23.3 23.46667 23.63333 23.8 23.96667 0.1333333 0.3 0.4666667 0.6333333 0.8 0.9666667 1.133333 1.3 1.466667 1.633333 1.8 1.966667 2.133333 2.3 2.466667 2.633333 2.8 2.966667 3.133333 3.3 3.466667 3.633333 3.8 3.966667 4.133333 4.3 4.466667 4.633333 4.8 4.966667 5.133333 5.466667 5.633333 5.8 6.466667 6.633333 6.8 6.966667 7.133333 7.3 7.466667 7.633333 7.8 7.966667 8.133333 8.3 8.466667 8.633333 8.8 8.966667 9.133333 9.3 9.466667 9.633333 9.8 9.966667 10.13333 10.3 10.46667 10.63333 10.8 10.96667 11.13333 11.3 11.46667 11.63333 11.8 11.96667 12.13333 12.3 12.46667 12.63333 12.8 12.96667 13.13333 13.3 13.46667 13.63333 13.8 14.3 14.46667 14.63333 14.8 14.96667 15.13333 15.63333 15.8 15.96667 16.13333 16.3 16.46667 16.63333 16.8 16.96667 17.13333 17.3 17.46667 17.8 17.96667 18.13333 18.3 18.46667 18.63333 18.8 18.96667 19.13333 19.3 19.46667 19.63333 19.8 19.96667 20.13333 20.3 20.46667 20.63333 20.8 20.96667 21.13333 21.3 21.46667 21.63333 21.8 21.96667 22.13333 22.3 22.46667 22.63333 22.8 22.96667 23.13333 23.3 23.46667 23.63333 23.8 23.96667 

# Interval 
 0 0.1666667 0.3333333 0.5 0.6666667 0.8333333 1 1.166667 1.333333 1.5 1.666667 1.833333 2 2.166667 2.333333 2.5 2.666667 2.833333 3 3.166667 3.333333 3.5 3.666667 3.833333 4 4.166667 4.333333 4.5 4.666667 4.833333 5 5.166667 5.333333 5.5 5.666667 5.833333 6 6.166667 6.333333 6.5 6.666667 6.833333 7 7.166667 7.333333 7.5 7.666667 7.833333 8 8.166667 8.333333 8.5 8.666667 8.833333 9 9.166667 9.333333 9.5 9.666667 9.833333 10 10.16667 10.33333 10.5 10.66667 10.83333 11 11.16667 11.33333 11.5 11.66667 11.83333 12 12.16667 12.33333 12.5 12.66667 12.83333 13 13.16667 13.33333 13.5 13.66667 13.83333 14 14.16667 14.33333 14.5 14.66667 14.83333 15 15.16667 15.33333 15.5 15.66667 15.83333 16 16.16667 16.33333 16.5 16.66667 16.83333 17 17.16667 17.33333 17.5 17.66667 17.83333 18 18.16667 18.33333 18.5 18.66667 18.83333 19 19.16667 19.33333 19.5 19.66667 19.83333 20 20.16667 20.33333 20.5 20.66667 20.83333 21 21.16667 21.33333 21.5 21.66667 21.83333 22 22.16667 22.33333 22.5 22.66667 22.83333 23 23.16667 23.33333 23.5 23.66667 23.83333 24 24.16667 24.33333 24.5 24.66667 24.83333 25 25.16667 25.33333 25.66667 25.83333 26 26.16667 26.33333 26.5 26.66667 26.83333 27 27.16667 27.33333 27.5 27.66667 27.83333 28 28.16667 28.33333 28.5 28.66667 28.83333 29 29.16667 29.33333 29.5 29.66667 29.83333 30 30.16667 30.33333 30.5 30.66667 30.83333 31 31.16667 31.33333 31.5 31.66667 31.83333 32 32.16667 32.33333 32.5 32.66667 32.83333 33 33.16667 33.33333 33.5 33.66667 33.83333 34 34.16667 34.33333 34.5 34.66667 34.83333 35 35.16667 35.33333 35.5 35.66667 35.83333 36 36.16667 36.33333 36.5 36.66667 36.83333 37 37.16667 37.33333 37.5 37.66667 37.83333 38 38.16667 38.33333 38.5 38.66667 38.83333 39.16667 39.33333 39.66667 39.83333 40 40.16667 40.33333 40.66667 40.83333 41 41.16667 41.33333 41.5 41.66667 41.83333 42 42.16667 42.33333 42.5 42.66667 42.83333 43 43.16667 43.33333 43.5 43.66667 43.83333 44 44.16667 44.33333 44.5 44.66667 44.83333 45 45.16667 45.33333 45.5 45.66667 45.83333 46 46.16667 46.33333 46.5 46.66667 46.83333 47 47.16667 47.33333 47.5 47.66667 47.83333 48.16667 48.33333 48.5 48.66667 48.83333 49 49.16667 49.33333 49.5 49.66667 49.83333 50.16667 50.33333 50.5 50.66667 50.83333 51 51.16667 51.33333 51.5 51.66667 51.83333 52 52.16667 52.33333 52.5 52.66667 52.83333 53 53.16667 53.33333 53.5 53.66667 53.83333 54 54.16667 54.33333 54.5 54.66667 54.83333 55 55.16667 55.33333 55.5 55.66667 55.83333 56 56.16667 56.33333 56.5 56.66667 56.83333 57 57.16667 57.33333 57.5 57.66667 57.83333 58 58.16667 58.33333 58.5 58.66667 58.83333 59 59.16667 59.33333 59.5 59.66667 59.83333 60 60.16667 60.33333 60.5 60.66667 60.83333 61 61.16667 61.33333 61.5 61.66667 61.83333 62 62.16667 62.33333 62.5 62.66667 62.83333 63 63.16667 63.33333 63.5 63.66667 63.83333 64 64.16667 64.33333 64.5 64.66667 64.83333 65 65.16667 65.33333 65.5 65.66667 65.83333 66 66.16667 66.33333 66.5 66.66667 66.83333 67 67.16667 67.33333 67.5 67.66667 67.83333 68 68.16667 68.33333 68.5 68.66667 68.83333 69 69.16667 69.33333 69.5 69.66667 69.83333 70 70.16667 70.33333 70.5 70.66667 70.83333 71 71.16667 71.33333 71.5 71.66667 71.83333 72.16667 72.33333 72.5 72.66667 72.83333 73 73.16667 73.33333 73.5 73.66667 73.83333 74 74.16667 74.33333 74.5 74.66667 74.83333 75 75.33333 75.5 75.66667 75.83333 76 76.16667 76.33333 76.5 76.66667 76.83333 77 77.16667 77.33333 77.5 77.66667 77.83333 78 78.16667 78.33333 78.5 78.66667 78.83333 79 79.16667 79.33333 79.5 79.66667 79.83333 80 80.16667 80.33333 80.5 80.66667 80.83333 81 81.16667 81.33333 81.5 81.66667 81.83333 82 82.16667 82.33333 82.5 82.66667 82.83333 83 83.16667 83.33333 83.5 83.66667 83.83333 84 84.16667 84.33333 84.5 84.66667 84.83333 85 85.16667 85.33333 85.5 85.66667 85.83333 86 86.16667 86.33333 86.5 86.66667 86.83333 87.16667 87.33333 87.5 87.66667 87.83333 88 88.16667 88.33333 88.5 88.66667 88.83333 89 89.16667 89.33333 89.5 89.66667 89.83333 90 90.16667 90.33333 90.5 90.66667 90.83333 91 91.16667 91.33333 91.5 91.66667 91.83333 92 92.16667 92.33333 92.5 92.66667 92.83333 93 93.16667 93.33333 93.5 93.66667 93.83333 94 94.16667 94.33333 94.5 94.66667 94.83333 95 95.16667 95.33333 95.5 95.66667 95.83333 96 96.16667 96.33333 96.5 96.66667 96.83333 97 97.16667 97.66667 97.83333 98 98.16667 98.33333 98.5 98.66667 98.83333 99 99.16667 99.33333 99.5 99.66667 99.83333 100 100.1667 100.3333 100.5 100.6667 100.8333 101 101.1667 101.3333 101.5 101.6667 101.8333 102 102.1667 102.3333 102.5 102.6667 102.8333 103 103.1667 103.3333 103.5 103.6667 103.8333 104 104.1667 104.3333 104.5 104.6667 104.8333 105 105.1667 105.3333 105.5 105.6667 105.8333 106 106.1667 106.3333 106.5 106.6667 106.8333 107 107.1667 107.3333 107.5 107.6667 107.8333 108 108.1667 108.3333 108.5 108.6667 108.8333 109 109.1667 109.3333 109.5 109.6667 109.8333 110 110.1667 110.3333 110.5 110.6667 110.8333 111 111.1667 111.3333 111.5 111.6667 111.8333 112 112.1667 112.3333 112.5 112.6667 112.8333 113 113.1667 113.3333 113.5 113.6667 113.8333 114 114.1667 114.3333 114.5 114.6667 114.8333 115 115.1667 115.3333 115.5 115.6667 115.8333 116 116.1667 116.3333 116.5 116.6667 116.8333 117 117.1667 117.3333 117.5 117.6667 117.8333 118 118.1667 118.3333 118.5 118.6667 118.8333 119 119.1667 119.3333 119.5 119.6667 119.8333 120 120.1667 120.3333 121.1667 121.3333 121.5 121.6667 121.8333 122 122.1667 122.3333 122.5 122.6667 122.8333 123 123.1667 123.3333 123.5 123.6667 123.8333 124 124.1667 124.3333 124.5 124.8333 125 125.1667 125.3333 125.5 125.6667 125.8333 126 126.1667 126.3333 126.5 126.6667 126.8333 127 127.1667 127.3333 127.5 127.6667 127.8333 128 128.1667 128.3333 128.5 128.6667 128.8333 129 129.1667 129.3333 129.5 129.6667 129.8333 130 130.1667 130.3333 130.5 130.6667 130.8333 131 131.1667 131.3333 131.5 131.6667 131.8333 132 132.1667 132.3333 132.5 132.6667 132.8333 133 133.1667 133.3333 133.5 133.6667 133.8333 134 134.1667 134.3333 134.5 134.6667 134.8333 135 135.1667 135.3333 135.5 135.6667 135.8333 136 136.1667 136.3333 136.5 136.6667 136.8333 137 137.1667 137.3333 137.5 137.6667 137.8333 138 138.1667 138.3333 138.5 138.6667 138.8333 139 139.1667 139.3333 139.5 139.6667 139.8333 140 140.1667 140.3333 140.5 140.6667 140.8333 141 141.1667 141.3333 141.5 141.6667 141.8333 142 142.1667 142.3333 142.5 142.6667 142.8333 143 143.1667 143.3333 143.5 143.6667 144 144.1667 144.3333 144.5 144.6667 144.8333 145 145.1667 145.3333 145.5 145.6667 145.8333 146 146.1667 146.3333 146.5 146.6667 146.8333 147 147.1667 147.3333 147.5 147.6667 147.8333 148 148.1667 148.3333 148.5 148.6667 148.8333 149 149.1667 149.3333 149.5 149.6667 149.8333 150 150.1667 150.3333 150.5 150.6667 150.8333 151 151.1667 151.3333 151.5 151.6667 151.8333 152 152.1667 152.3333 152.5 152.6667 152.8333 153 153.1667 153.3333 153.5 153.6667 153.8333 154 154.1667 154.3333 154.5 154.6667 154.8333 155 155.1667 155.3333 155.5 155.6667 155.8333 156 156.1667 156.3333 156.5 156.6667 156.8333 157 157.1667 157.3333 157.5 157.6667 157.8333 158 158.1667 158.3333 158.5 158.6667 158.8333 159 159.1667 159.3333 159.5 159.6667 159.8333 160 160.1667 160.3333 160.5 160.8333 161 161.1667 161.3333 161.5 161.6667 161.8333 162 162.1667 162.3333 162.5 162.6667 162.8333 163 163.1667 163.3333 163.5 163.6667 163.8333 164 164.1667 164.3333 164.5 164.6667 164.8333 165 165.1667 165.3333 165.5 165.6667 165.8333 166 166.1667 166.3333 166.5 166.6667 166.8333 167 167.1667 167.3333 167.5 167.6667 167.8333 168 168.1667 168.3333 168.5 168.6667 168.8333 169 169.1667 169.3333 169.5 169.6667 169.8333 170 170.1667 170.3333 170.5 170.6667 170.8333 171 171.1667 171.3333 171.5 171.6667 171.8333 172 172.1667 172.3333 172.5 172.6667 172.8333 173 173.1667 173.3333 173.5 173.6667 173.8333 174 174.1667 174.3333 174.5 174.6667 174.8333 175 175.1667 175.3333 175.5 175.6667 175.8333 176 176.1667 176.3333 176.5 176.6667 176.8333 177 177.1667 177.3333 177.5 177.6667 177.8333 178 178.1667 178.3333 178.5 178.6667 178.8333 179 179.1667 179.3333 179.5 179.6667 179.8333 180 180.1667 180.3333 180.5 180.6667 180.8333 181 181.1667 181.3333 181.5 181.6667 181.8333 182 182.1667 182.3333 182.5 182.6667 182.8333 183 183.1667 183.3333 183.5 183.6667 183.8333 184 184.1667 184.6667 184.8333 185 185.1667 185.3333 185.5 185.6667 185.8333 186 186.1667 186.3333 186.5 186.6667 186.8333 187 187.1667 187.3333 187.5 187.6667 187.8333 188 188.1667 188.3333 188.5 188.6667 188.8333 189 189.1667 189.3333 189.5 189.6667 189.8333 190 190.1667 190.3333 190.5 190.6667 190.8333 191 191.1667 191.3333 191.5 191.6667 191.8333 192 192.1667 192.3333 192.5 192.6667 192.8333 193 193.1667 193.3333 193.5 193.6667 193.8333 194 194.1667 194.3333 194.5 194.6667 194.8333 195 195.1667 195.3333 195.5 195.6667 195.8333 196 196.1667 196.3333 196.5 196.6667 196.8333 197 197.3333 197.5 197.6667 198.3333 198.5 198.6667 198.8333 199 199.1667 199.3333 199.5 199.6667 199.8333 200 200.1667 200.3333 200.5 200.6667 200.8333 201 201.1667 201.3333 201.5 201.6667 201.8333 202 202.1667 202.3333 202.5 202.6667 202.8333 203 203.1667 203.3333 203.5 203.6667 203.8333 204 204.1667 204.3333 204.5 204.6667 204.8333 205 205.1667 205.3333 205.5 205.6667 206.1667 206.3333 206.5 206.6667 206.8333 207 207.5 207.6667 207.8333 208 208.1667 208.3333 208.5 208.6667 208.8333 209 209.1667 209.3333 209.6667 209.8333 210 210.1667 210.3333 210.5 210.6667 210.8333 211 211.1667 211.3333 211.5 211.6667 211.8333 212 212.1667 212.3333 212.5 212.6667 212.8333 213 213.1667 213.3333 213.5 213.6667 213.8333 214 214.1667 214.3333 214.5 214.6667 214.8333 215 215.1667 215.3333 215.5 215.6667 215.8333 

# O2data 
 6.786 6.782 6.766 6.734 6.731 6.729 6.734 6.728 6.729 6.691 6.715 6.711 6.71 6.693 6.696 6.703 6.682 6.684 6.703 6.707 6.701 6.692 6.697 6.697 6.682 6.675 6.694 6.706 6.698 6.682 6.682 6.694 6.68 6.705 6.69 6.701 6.69 6.714 6.712 6.708 6.718 6.722 6.727 6.761 6.762 6.799 6.801 6.822 6.841 6.837 6.903 6.94 6.958 6.987 7.015 7.032 7.071 7.081 7.105 7.131 7.161 7.181 7.219 7.256 7.288 7.322 7.349 7.377 7.418 7.459 7.469 7.516 7.542 7.637 7.714 7.737 7.786 7.789 7.901 7.904 7.93 7.979 7.958 7.988 8.026 8.029 7.985 7.96 7.936 7.933 7.917 7.938 7.899 7.936 7.978 7.961 7.979 8 8.033 8.006 8.057 7.995 7.884 7.869 7.871 7.824 7.817 7.729 7.73 7.699 7.613 7.557 7.505 7.466 7.397 7.314 7.269 7.219 7.132 7.12 7.061 7.009 6.966 6.951 6.899 6.875 6.825 6.789 6.783 6.753 6.638 6.44 6.592 6.468 6.601 6.613 6.517 6.465 6.613 6.69 6.612 6.458 6.554 6.683 6.512 6.615 6.609 6.597 6.495 6.561 6.579 6.66 6.696 6.714 6.743 6.712 6.74 6.763 6.755 6.766 6.752 6.755 6.78 6.766 6.76 6.766 6.786 6.784 6.795 6.809 6.809 6.818 6.821 6.835 6.858 6.832 6.831 6.832 6.857 6.866 6.893 6.865 6.866 6.869 6.896 6.891 6.919 6.927 6.961 6.995 7.022 7.062 7.081 7.129 7.171 7.17 7.211 7.219 7.256 7.297 7.32 7.346 7.365 7.387 7.43 7.423 7.465 7.483 7.532 7.551 7.6 7.662 7.696 7.733 7.796 7.815 7.856 7.94 7.95 7.963 8.025 8.049 8.081 8.103 8.13 8.109 8.141 8.152 8.171 8.179 8.186 8.149 8.193 8.198 8.189 8.169 8.178 8.187 8.2 8.191 8.17 8.164 8.118 8.186 8.16 8.057 7.98 7.926 7.883 7.87 7.833 7.767 7.727 7.613 7.506 7.425 7.376 7.328 7.24 7.181 7.137 7.086 7.049 6.993 6.964 6.911 6.865 6.801 6.835 6.801 6.761 6.723 6.713 6.703 6.694 6.736 6.712 6.71 6.714 6.696 6.684 6.673 6.675 6.683 6.679 6.675 6.697 6.724 6.701 6.707 6.699 6.69 6.707 6.7 6.717 6.724 6.711 6.719 6.719 6.763 6.753 6.777 6.775 6.786 6.791 6.781 6.782 6.785 6.785 6.775 6.77 6.766 6.812 6.801 6.796 6.825 6.844 6.857 6.868 6.883 6.889 6.91 6.888 6.89 6.89 6.904 6.938 6.954 6.958 6.982 7.021 7.12 7.173 7.202 7.211 7.255 7.257 7.291 7.295 7.343 7.37 7.393 7.432 7.452 7.483 7.511 7.508 7.512 7.523 7.591 7.705 7.742 7.763 7.795 7.849 7.921 7.988 8.039 8.077 8.097 8.124 8.156 8.061 8.085 8.128 8.18 8.173 8.189 8.22 8.155 8.227 8.228 8.258 8.298 8.287 8.214 8.196 8.244 8.277 8.215 8.311 8.294 8.229 8.168 8.172 8.174 8.133 8.115 7.998 8.029 8.048 7.998 7.975 7.943 7.868 7.8 7.734 7.69 7.566 7.503 7.467 7.368 7.294 7.237 7.181 7.09 7.059 6.955 6.938 6.867 6.836 6.721 6.717 6.731 6.71 6.695 6.649 6.665 6.675 6.685 6.609 6.6 6.568 6.583 6.583 6.569 6.604 6.622 6.598 6.603 6.598 6.608 6.615 6.625 6.62 6.634 6.614 6.646 6.613 6.641 6.668 6.685 6.694 6.681 6.661 6.666 6.709 6.711 6.677 6.684 6.679 6.71 6.647 6.707 6.731 6.731 6.693 6.745 6.716 6.761 6.779 6.728 6.698 6.709 6.805 6.816 6.838 6.813 6.737 6.856 6.938 6.969 6.964 6.942 7.055 7.103 7.122 7.115 7.172 7.189 7.278 7.348 7.35 7.364 7.393 7.422 7.459 7.53 7.517 7.526 7.554 7.661 7.673 7.697 7.776 7.804 7.877 7.928 8.025 8.041 8.071 8.074 8.154 8.145 8.171 8.18 8.19 8.18 8.198 8.258 8.239 8.278 8.29 8.279 8.268 8.293 8.291 8.274 8.301 8.318 8.209 8.218 8.222 8.243 8.258 8.233 8.259 8.23 8.259 8.178 8.146 8.181 8.159 8.076 7.974 7.899 7.739 7.657 7.586 7.492 7.411 7.339 7.234 7.157 7.098 7.037 6.969 6.921 6.846 6.799 6.77 6.772 6.712 6.655 6.602 6.631 6.652 6.598 6.535 6.572 6.592 6.557 6.532 6.577 6.524 6.545 6.519 6.541 6.53 6.552 6.606 6.611 6.602 6.607 6.616 6.612 6.627 6.611 6.642 6.663 6.64 6.683 6.706 6.684 6.687 6.677 6.702 6.69 6.688 6.691 6.705 6.736 6.766 6.741 6.736 6.733 6.736 6.757 6.735 6.775 6.759 6.752 6.769 6.749 6.814 6.844 6.817 6.799 6.797 6.824 6.858 6.856 6.927 6.98 6.976 7.027 7.121 7.185 7.075 7.21 7.292 7.297 7.371 7.385 7.403 7.512 7.549 7.608 7.606 7.636 7.627 7.663 7.666 7.758 7.74 7.768 7.776 7.819 7.835 7.874 7.931 7.961 8.06 8.081 8.095 8.021 8.027 8.076 8.083 8.074 8.087 8.103 8.147 8.222 8.247 8.281 8.29 8.304 8.279 8.311 8.355 8.387 8.401 8.451 8.506 8.447 8.447 8.453 8.429 8.566 8.399 8.333 8.318 8.259 8.244 8.158 8.207 8.146 7.932 7.873 7.656 7.604 7.472 7.403 7.273 7.189 7.127 7.03 6.924 6.761 6.772 6.745 6.671 6.656 6.624 6.601 6.552 6.561 6.529 6.545 6.53 6.485 6.492 6.513 6.52 6.501 6.468 6.474 6.471 6.474 6.493 6.466 6.446 6.466 6.476 6.447 6.479 6.511 6.533 6.505 6.519 6.564 6.479 6.544 6.581 6.581 6.553 6.581 6.644 6.617 6.623 6.621 6.643 6.63 6.63 6.599 6.614 6.623 6.624 6.59 6.668 6.666 6.671 6.658 6.65 6.686 6.656 6.7 6.687 6.732 6.75 6.763 6.821 6.869 6.945 6.989 7.036 7.09 7.116 7.165 7.293 7.383 7.412 7.48 7.533 7.613 7.685 7.765 7.826 7.811 7.865 7.906 7.877 7.914 7.952 8.028 8.055 8.203 8.307 8.335 8.403 8.373 8.419 8.376 8.391 8.486 8.529 8.566 8.57 8.595 8.668 8.637 8.68 8.698 8.704 8.693 8.706 8.695 8.672 8.688 8.688 8.697 8.733 8.769 8.766 8.798 8.812 8.865 8.895 8.917 8.878 8.856 8.884 8.78 8.68 8.571 8.326 8.195 8.1 8.027 7.912 7.807 7.735 7.647 7.549 7.445 7.401 7.302 7.268 7.198 7.136 7.108 7.044 7.019 6.999 6.957 6.932 6.924 6.86 6.864 6.891 6.862 6.862 6.87 6.864 6.842 6.838 6.835 6.871 6.854 6.866 6.862 6.835 6.888 6.84 6.848 6.815 6.849 6.802 6.851 6.866 6.807 6.869 6.888 6.901 6.89 6.875 6.891 6.924 6.912 6.882 6.897 6.93 6.95 6.93 6.947 6.957 6.978 7.004 6.99 7.031 7.022 6.983 7.018 7.047 7.075 7.082 7.09 7.085 7.045 7.12 7.131 7.14 7.081 7.156 7.208 7.278 7.358 7.358 7.389 7.445 7.467 7.495 7.559 7.562 7.561 7.661 7.735 7.784 7.801 7.848 7.838 7.874 7.895 7.919 7.994 8.048 8.061 8.115 8.189 8.269 8.362 8.41 8.49 8.524 8.55 8.584 8.613 8.639 8.653 8.666 8.69 8.756 8.776 8.83 8.821 8.949 8.978 8.977 9.064 8.972 8.91 8.837 8.846 8.874 8.796 8.951 9.119 8.926 8.814 8.711 8.613 8.535 8.489 8.396 8.258 8.174 8.094 7.997 7.886 7.798 7.696 7.622 7.579 7.504 7.443 7.375 7.376 7.316 7.3 7.259 7.199 7.168 7.129 7.105 7.088 7.078 7.067 7.052 7.037 7.062 7.039 7.025 7.011 7.041 7.027 7.023 7.017 6.999 7.008 7.016 7.019 6.988 7.009 7.016 6.997 6.995 7.022 7.001 6.99 7.02 7.019 7.004 7.067 7.066 7.06 7.093 7.089 7.103 7.041 7.045 7.063 7.087 7.092 7.104 7.08 7.053 7.012 7.043 7.061 7.1 7.036 7.044 7.1 7.177 7.183 7.195 7.173 7.199 7.216 7.188 7.158 7.203 7.251 7.262 7.238 7.253 7.29 7.278 7.386 7.453 7.535 7.501 7.483 7.593 7.598 7.674 7.783 7.825 7.875 7.952 7.944 7.983 7.996 8.017 8.069 8.109 8.131 8.139 8.177 8.212 8.235 8.291 8.367 8.421 8.498 8.528 8.564 8.622 8.646 8.676 8.75 8.779 8.772 8.777 8.854 8.843 8.87 8.876 8.866 8.902 8.916 8.903 8.895 8.892 8.902 8.914 8.87 8.951 8.904 8.891 8.849 8.859 8.831 8.745 8.762 8.685 8.551 8.417 8.358 8.21 8.084 7.997 7.876 7.801 7.695 7.641 7.492 7.471 7.439 7.368 7.327 7.285 7.187 7.156 7.116 7.069 7.009 6.997 7.021 7.012 6.977 6.953 6.948 6.95 6.949 6.91 6.932 6.884 6.872 6.831 6.869 6.855 6.844 6.86 6.84 6.834 6.859 6.862 6.848 6.839 6.855 6.826 6.809 6.828 6.822 6.818 6.776 6.801 6.811 6.776 6.764 6.782 6.798 6.782 6.778 6.799 6.792 6.773 6.757 6.735 6.733 6.748 6.757 6.765 6.795 6.731 6.69 6.702 6.707 6.707 6.689 6.703 6.721 6.744 6.719 6.739 6.801 6.815 6.787 6.855 6.913 6.982 7.035 7.087 7.156 7.13 7.208 7.259 7.299 7.367 7.431 7.529 7.526 7.563 7.543 7.546 7.558 7.594 7.633 7.672 7.752 7.806 7.905 7.985 7.873 7.829 7.909 7.9 8.089 8.093 8.136 8.04 7.967 7.971 7.912 7.979 8.051 7.973 7.932 7.894 7.943 7.927 7.887 7.977 7.937 7.921 7.846 7.835 7.9 7.86 7.854 7.916 7.909 7.847 7.746 7.688 7.648 7.595 7.495 7.423 7.347 7.271 7.168 7.108 7.032 6.978 6.905 6.912 6.846 6.832 6.784 6.78 6.763 6.789 6.741 6.73 6.714 6.708 6.704 6.671 6.625 6.619 6.552 6.561 6.559 6.565 

# DOY 
 242 242 242 242 242 242 242 242 242 242 242 242 242 242 242 242 242 242 242 242 242 242 242 242 242 242 242 242 242 242 242 242 242 242 242 242 242 242 242 242 242 242 242 242 242 242 242 242 242 242 242 242 242 242 242 242 242 242 242 242 242 242 242 242 242 242 242 242 242 242 242 242 242 242 242 242 242 242 242 242 242 242 242 242 242 242 242 242 242 242 242 242 242 242 242 242 242 242 242 242 242 242 242 242 242 242 242 242 242 242 242 242 242 242 242 242 242 242 242 242 242 242 242 242 242 242 242 242 242 242 242 242 242 242 242 242 242 242 242 242 242 242 242 242 243 243 243 243 243 243 243 243 243 243 243 243 243 243 243 243 243 243 243 243 243 243 243 243 243 243 243 243 243 243 243 243 243 243 243 243 243 243 243 243 243 243 243 243 243 243 243 243 243 243 243 243 243 243 243 243 243 243 243 243 243 243 243 243 243 243 243 243 243 243 243 243 243 243 243 243 243 243 243 243 243 243 243 243 243 243 243 243 243 243 243 243 243 243 243 243 243 243 243 243 243 243 243 243 243 243 243 243 243 243 243 243 243 243 243 243 243 243 243 243 243 243 243 243 243 243 243 243 243 243 243 243 243 243 243 243 243 243 243 243 244 244 244 244 244 244 244 244 244 244 244 244 244 244 244 244 244 244 244 244 244 244 244 244 244 244 244 244 244 244 244 244 244 244 244 244 244 244 244 244 244 244 244 244 244 244 244 244 244 244 244 244 244 244 244 244 244 244 244 244 244 244 244 244 244 244 244 244 244 244 244 244 244 244 244 244 244 244 244 244 244 244 244 244 244 244 244 244 244 244 244 244 244 244 244 244 244 244 244 244 244 244 244 244 244 244 244 244 244 244 244 244 244 244 244 244 244 244 244 244 244 244 244 244 244 244 244 244 244 244 244 244 244 244 244 244 244 244 244 244 244 244 245 245 245 245 245 245 245 245 245 245 245 245 245 245 245 245 245 245 245 245 245 245 245 245 245 245 245 245 245 245 245 245 245 245 245 245 245 245 245 245 245 245 245 245 245 245 245 245 245 245 245 245 245 245 245 245 245 245 245 245 245 245 245 245 245 245 245 245 245 245 245 245 245 245 245 245 245 245 245 245 245 245 245 245 245 245 245 245 245 245 245 245 245 245 245 245 245 245 245 245 245 245 245 245 245 245 245 245 245 245 245 245 245 245 245 245 245 245 245 245 245 245 245 245 245 245 245 245 245 245 245 245 245 245 245 245 245 245 245 245 245 246 246 246 246 246 246 246 246 246 246 246 246 246 246 246 246 246 246 246 246 246 246 246 246 246 246 246 246 246 246 246 246 246 246 246 246 246 246 246 246 246 246 246 246 246 246 246 246 246 246 246 246 246 246 246 246 246 246 246 246 246 246 246 246 246 246 246 246 246 246 246 246 246 246 246 246 246 246 246 246 246 246 246 246 246 246 246 246 246 246 246 246 246 246 246 246 246 246 246 246 246 246 246 246 246 246 246 246 246 246 246 246 246 246 246 246 246 246 246 246 246 246 246 246 246 246 246 246 246 246 246 246 246 246 246 246 246 246 246 246 246 246 247 247 247 247 247 247 247 247 247 247 247 247 247 247 247 247 247 247 247 247 247 247 247 247 247 247 247 247 247 247 247 247 247 247 247 247 247 247 247 247 247 247 247 247 247 247 247 247 247 247 247 247 247 247 247 247 247 247 247 247 247 247 247 247 247 247 247 247 247 247 247 247 247 247 247 247 247 247 247 247 247 247 247 247 247 247 247 247 247 247 247 247 247 247 247 247 247 247 247 247 247 247 247 247 247 247 247 247 247 247 247 247 247 247 247 247 247 247 247 247 247 247 247 247 247 247 247 247 247 247 247 247 247 247 247 247 247 247 248 248 248 248 248 248 248 248 248 248 248 248 248 248 248 248 248 248 248 248 248 248 248 248 248 248 248 248 248 248 248 248 248 248 248 248 248 248 248 248 248 248 248 248 248 248 248 248 248 248 248 248 248 248 248 248 248 248 248 248 248 248 248 248 248 248 248 248 248 248 248 248 248 248 248 248 248 248 248 248 248 248 248 248 248 248 248 248 248 248 248 248 248 248 248 248 248 248 248 248 248 248 248 248 248 248 248 248 248 248 248 248 248 248 248 248 248 248 248 248 248 248 248 248 248 248 248 248 248 248 248 248 248 248 248 248 248 248 248 248 248 248 248 249 249 249 249 249 249 249 249 249 249 249 249 249 249 249 249 249 249 249 249 249 249 249 249 249 249 249 249 249 249 249 249 249 249 249 249 249 249 249 249 249 249 249 249 249 249 249 249 249 249 249 249 249 249 249 249 249 249 249 249 249 249 249 249 249 249 249 249 249 249 249 249 249 249 249 249 249 249 249 249 249 249 249 249 249 249 249 249 249 249 249 249 249 249 249 249 249 249 249 249 249 249 249 249 249 249 249 249 249 249 249 249 249 249 249 249 249 249 249 249 249 249 249 249 249 249 249 249 249 249 249 249 249 249 249 249 249 249 249 249 249 249 250 250 250 250 250 250 250 250 250 250 250 250 250 250 250 250 250 250 250 250 250 250 250 250 250 250 250 250 250 250 250 250 250 250 250 250 250 250 250 250 250 250 250 250 250 250 250 250 250 250 250 250 250 250 250 250 250 250 250 250 250 250 250 250 250 250 250 250 250 250 250 250 250 250 250 250 250 250 250 250 250 250 250 250 250 250 250 250 250 250 250 250 250 250 250 250 250 250 250 250 250 250 250 250 250 250 250 250 250 250 250 250 250 250 250 250 250 250 250 250 250 250 250 250 250 250 250 250 250 250 250 250 250 250 250 

# TOD 
 0.1333333 0.3 0.4666667 0.6333333 0.8 0.9666667 1.133333 1.3 1.466667 1.633333 1.8 1.966667 2.133333 2.3 2.466667 2.633333 2.8 2.966667 3.133333 3.3 3.466667 3.633333 3.8 3.966667 4.133333 4.3 4.466667 4.633333 4.8 4.966667 5.133333 5.3 5.466667 5.633333 5.8 5.966667 6.133333 6.3 6.466667 6.633333 6.8 6.966667 7.133333 7.3 7.466667 7.633333 7.8 7.966667 8.133333 8.3 8.466667 8.633333 8.8 8.966667 9.133333 9.3 9.466667 9.633333 9.8 9.966667 10.13333 10.3 10.46667 10.63333 10.8 10.96667 11.13333 11.3 11.46667 11.63333 11.8 11.96667 12.13333 12.3 12.46667 12.63333 12.8 12.96667 13.13333 13.3 13.46667 13.63333 13.8 13.96667 14.13333 14.3 14.46667 14.63333 14.8 14.96667 15.13333 15.3 15.46667 15.63333 15.8 15.96667 16.13333 16.3 16.46667 16.63333 16.8 16.96667 17.13333 17.3 17.46667 17.63333 17.8 17.96667 18.13333 18.3 18.46667 18.63333 18.8 18.96667 19.13333 19.3 19.46667 19.63333 19.8 19.96667 20.13333 20.3 20.46667 20.63333 20.8 20.96667 21.13333 21.3 21.46667 21.63333 21.8 21.96667 22.13333 22.3 22.46667 22.63333 22.8 22.96667 23.13333 23.3 23.46667 23.63333 23.8 23.96667 0.1333333 0.3 0.4666667 0.6333333 0.8 0.9666667 1.133333 1.3 1.466667 1.8 1.966667 2.133333 2.3 2.466667 2.633333 2.8 2.966667 3.133333 3.3 3.466667 3.633333 3.8 3.966667 4.133333 4.3 4.466667 4.633333 4.8 4.966667 5.133333 5.3 5.466667 5.633333 5.8 5.966667 6.133333 6.3 6.466667 6.633333 6.8 6.966667 7.133333 7.3 7.466667 7.633333 7.8 7.966667 8.133333 8.3 8.466667 8.633333 8.8 8.966667 9.133333 9.3 9.466667 9.633333 9.8 9.966667 10.13333 10.3 10.46667 10.63333 10.8 10.96667 11.13333 11.3 11.46667 11.63333 11.8 11.96667 12.13333 12.3 12.46667 12.63333 12.8 12.96667 13.13333 13.3 13.46667 13.63333 13.8 13.96667 14.13333 14.3 14.46667 14.63333 14.8 14.96667 15.3 15.46667 15.8 15.96667 16.13333 16.3 16.46667 16.8 16.96667 17.13333 17.3 17.46667 17.63333 17.8 17.96667 18.13333 18.3 18.46667 18.63333 18.8 18.96667 19.13333 19.3 19.46667 19.63333 19.8 19.96667 20.13333 20.3 20.46667 20.63333 20.8 20.96667 21.13333 21.3 21.46667 21.63333 21.8 21.96667 22.13333 22.3 22.46667 22.63333 22.8 22.96667 23.13333 23.3 23.46667 23.63333 23.8 23.96667 0.3 0.4666667 0.6333333 0.8 0.9666667 1.133333 1.3 1.466667 1.633333 1.8 1.966667 2.3 2.466667 2.633333 2.8 2.966667 3.133333 3.3 3.466667 3.633333 3.8 3.966667 4.133333 4.3 4.466667 4.633333 4.8 4.966667 5.133333 5.3 5.466667 5.633333 5.8 5.966667 6.133333 6.3 6.466667 6.633333 6.8 6.966667 7.133333 7.3 7.466667 7.633333 7.8 7.966667 8.133333 8.3 8.466667 8.633333 8.8 8.966667 9.133333 9.3 9.466667 9.633333 9.8 9.966667 10.13333 10.3 10.46667 10.63333 10.8 10.96667 11.13333 11.3 11.46667 11.63333 11.8 11.96667 12.13333 12.3 12.46667 12.63333 12.8 12.96667 13.13333 13.3 13.46667 13.63333 13.8 13.96667 14.13333 14.3 14.46667 14.63333 14.8 14.96667 15.13333 15.3 15.46667 15.63333 15.8 15.96667 16.13333 16.3 16.46667 16.63333 16.8 16.96667 17.13333 17.3 17.46667 17.63333 17.8 17.96667 18.13333 18.3 18.46667 18.63333 18.8 18.96667 19.13333 19.3 19.46667 19.63333 19.8 19.96667 20.13333 20.3 20.46667 20.63333 20.8 20.96667 21.13333 21.3 21.46667 21.63333 21.8 21.96667 22.13333 22.3 22.46667 22.63333 22.8 22.96667 23.13333 23.3 23.46667 23.63333 23.8 23.96667 0.3 0.4666667 0.6333333 0.8 0.9666667 1.133333 1.3 1.466667 1.633333 1.8 1.966667 2.133333 2.3 2.466667 2.633333 2.8 2.966667 3.133333 3.466667 3.633333 3.8 3.966667 4.133333 4.3 4.466667 4.633333 4.8 4.966667 5.133333 5.3 5.466667 5.633333 5.8 5.966667 6.133333 6.3 6.466667 6.633333 6.8 6.966667 7.133333 7.3 7.466667 7.633333 7.8 7.966667 8.133333 8.3 8.466667 8.633333 8.8 8.966667 9.133333 9.3 9.466667 9.633333 9.8 9.966667 10.13333 10.3 10.46667 10.63333 10.8 10.96667 11.13333 11.3 11.46667 11.63333 11.8 11.96667 12.13333 12.3 12.46667 12.63333 12.8 12.96667 13.13333 13.3 13.46667 13.63333 13.8 13.96667 14.13333 14.3 14.46667 14.63333 14.8 14.96667 15.3 15.46667 15.63333 15.8 15.96667 16.13333 16.3 16.46667 16.63333 16.8 16.96667 17.13333 17.3 17.46667 17.63333 17.8 17.96667 18.13333 18.3 18.46667 18.63333 18.8 18.96667 19.13333 19.3 19.46667 19.63333 19.8 19.96667 20.13333 20.3 20.46667 20.63333 20.8 20.96667 21.13333 21.3 21.46667 21.63333 21.8 21.96667 22.13333 22.3 22.46667 22.63333 22.8 22.96667 23.13333 23.3 23.46667 23.63333 23.8 23.96667 0.1333333 0.3 0.4666667 0.6333333 0.8 0.9666667 1.133333 1.3 1.8 1.966667 2.133333 2.3 2.466667 2.633333 2.8 2.966667 3.133333 3.3 3.466667 3.633333 3.8 3.966667 4.133333 4.3 4.466667 4.633333 4.8 4.966667 5.133333 5.3 5.466667 5.633333 5.8 5.966667 6.133333 6.3 6.466667 6.633333 6.8 6.966667 7.133333 7.3 7.466667 7.633333 7.8 7.966667 8.133333 8.3 8.466667 8.633333 8.8 8.966667 9.133333 9.3 9.466667 9.633333 9.8 9.966667 10.13333 10.3 10.46667 10.63333 10.8 10.96667 11.13333 11.3 11.46667 11.63333 11.8 11.96667 12.13333 12.3 12.46667 12.63333 12.8 12.96667 13.13333 13.3 13.46667 13.63333 13.8 13.96667 14.13333 14.3 14.46667 14.63333 14.8 14.96667 15.13333 15.3 15.46667 15.63333 15.8 15.96667 16.13333 16.3 16.46667 16.63333 16.8 16.96667 17.13333 17.3 17.46667 17.63333 17.8 17.96667 18.13333 18.3 18.46667 18.63333 18.8 18.96667 19.13333 19.3 19.46667 19.63333 19.8 19.96667 20.13333 20.3 20.46667 20.63333 20.8 20.96667 21.13333 21.3 21.46667 21.63333 21.8 21.96667 22.13333 22.3 22.46667 22.63333 22.8 22.96667 23.13333 23.3 23.46667 23.63333 23.8 23.96667 0.1333333 0.3 0.4666667 1.3 1.466667 1.633333 1.8 1.966667 2.133333 2.3 2.466667 2.633333 2.8 2.966667 3.133333 3.3 3.466667 3.633333 3.8 3.966667 4.133333 4.3 4.466667 4.633333 4.966667 5.133333 5.3 5.466667 5.633333 5.8 5.966667 6.133333 6.3 6.466667 6.633333 6.8 6.966667 7.133333 7.3 7.466667 7.633333 7.8 7.966667 8.133333 8.3 8.466667 8.633333 8.8 8.966667 9.133333 9.3 9.466667 9.633333 9.8 9.966667 10.13333 10.3 10.46667 10.63333 10.8 10.96667 11.13333 11.3 11.46667 11.63333 11.8 11.96667 12.13333 12.3 12.46667 12.63333 12.8 12.96667 13.13333 13.3 13.46667 13.63333 13.8 13.96667 14.13333 14.3 14.46667 14.63333 14.8 14.96667 15.13333 15.3 15.46667 15.63333 15.8 15.96667 16.13333 16.3 16.46667 16.63333 16.8 16.96667 17.13333 17.3 17.46667 17.63333 17.8 17.96667 18.13333 18.3 18.46667 18.63333 18.8 18.96667 19.13333 19.3 19.46667 19.63333 19.8 19.96667 20.13333 20.3 20.46667 20.63333 20.8 20.96667 21.13333 21.3 21.46667 21.63333 21.8 21.96667 22.13333 22.3 22.46667 22.63333 22.8 22.96667 23.13333 23.3 23.46667 23.63333 23.8 0.1333333 0.3 0.4666667 0.6333333 0.8 0.9666667 1.133333 1.3 1.466667 1.633333 1.8 1.966667 2.133333 2.3 2.466667 2.633333 2.8 2.966667 3.133333 3.3 3.466667 3.633333 3.8 3.966667 4.133333 4.3 4.466667 4.633333 4.8 4.966667 5.133333 5.3 5.466667 5.633333 5.8 5.966667 6.133333 6.3 6.466667 6.633333 6.8 6.966667 7.133333 7.3 7.466667 7.633333 7.8 7.966667 8.133333 8.3 8.466667 8.633333 8.8 8.966667 9.133333 9.3 9.466667 9.633333 9.8 9.966667 10.13333 10.3 10.46667 10.63333 10.8 10.96667 11.13333 11.3 11.46667 11.63333 11.8 11.96667 12.13333 12.3 12.46667 12.63333 12.8 12.96667 13.13333 13.3 13.46667 13.63333 13.8 13.96667 14.13333 14.3 14.46667 14.63333 14.8 14.96667 15.13333 15.3 15.46667 15.63333 15.8 15.96667 16.13333 16.3 16.46667 16.63333 16.96667 17.13333 17.3 17.46667 17.63333 17.8 17.96667 18.13333 18.3 18.46667 18.63333 18.8 18.96667 19.13333 19.3 19.46667 19.63333 19.8 19.96667 20.13333 20.3 20.46667 20.63333 20.8 20.96667 21.13333 21.3 21.46667 21.63333 21.8 21.96667 22.13333 22.3 22.46667 22.63333 22.8 22.96667 23.13333 23.3 23.46667 23.63333 23.8 23.96667 0.1333333 0.3 0.4666667 0.6333333 0.8 0.9666667 1.133333 1.3 1.466667 1.633333 1.8 1.966667 2.133333 2.3 2.466667 2.633333 2.8 2.966667 3.133333 3.3 3.466667 3.633333 3.8 3.966667 4.133333 4.3 4.466667 4.633333 4.8 4.966667 5.133333 5.3 5.466667 5.633333 5.8 5.966667 6.133333 6.3 6.466667 6.633333 6.8 6.966667 7.133333 7.3 7.466667 7.633333 7.8 7.966667 8.133333 8.3 8.466667 8.633333 8.8 8.966667 9.133333 9.3 9.466667 9.633333 9.8 9.966667 10.13333 10.3 10.46667 10.63333 10.8 10.96667 11.13333 11.3 11.46667 11.63333 11.8 11.96667 12.13333 12.3 12.46667 12.63333 12.8 12.96667 13.13333 13.3 13.46667 13.63333 13.8 13.96667 14.13333 14.3 14.46667 14.63333 14.8 14.96667 15.13333 15.3 15.46667 15.63333 15.8 15.96667 16.13333 16.3 16.8 16.96667 17.13333 17.3 17.46667 17.63333 17.8 17.96667 18.13333 18.3 18.46667 18.63333 18.8 18.96667 19.13333 19.3 19.46667 19.63333 19.8 19.96667 20.13333 20.3 20.46667 20.63333 20.8 20.96667 21.13333 21.3 21.46667 21.63333 21.8 21.96667 22.13333 22.3 22.46667 22.63333 22.8 22.96667 23.13333 23.3 23.46667 23.63333 23.8 23.96667 0.1333333 0.3 0.4666667 0.6333333 0.8 0.9666667 1.133333 1.3 1.466667 1.633333 1.8 1.966667 2.133333 2.3 2.466667 2.633333 2.8 2.966667 3.133333 3.3 3.466667 3.633333 3.8 3.966667 4.133333 4.3 4.466667 4.633333 4.8 4.966667 5.133333 5.466667 5.633333 5.8 6.466667 6.633333 6.8 6.966667 7.133333 7.3 7.466667 7.633333 7.8 7.966667 8.133333 8.3 8.466667 8.633333 8.8 8.966667 9.133333 9.3 9.466667 9.633333 9.8 9.966667 10.13333 10.3 10.46667 10.63333 10.8 10.96667 11.13333 11.3 11.46667 11.63333 11.8 11.96667 12.13333 12.3 12.46667 12.63333 12.8 12.96667 13.13333 13.3 13.46667 13.63333 13.8 14.3 14.46667 14.63333 14.8 14.96667 15.13333 15.63333 15.8 15.96667 16.13333 16.3 16.46667 16.63333 16.8 16.96667 17.13333 17.3 17.46667 17.8 17.96667 18.13333 18.3 18.46667 18.63333 18.8 18.96667 19.13333 19.3 19.46667 19.63333 19.8 19.96667 20.13333 20.3 20.46667 20.63333 20.8 20.96667 21.13333 21.3 21.46667 21.63333 21.8 21.96667 22.13333 22.3 22.46667 22.63333 22.8 22.96667 23.13333 23.3 23.46667 23.63333 23.8 23.96667 

# Interval 
 0 0.1666667 0.3333333 0.5 0.6666667 0.8333333 1 1.166667 1.333333 1.5 1.666667 1.833333 2 2.166667 2.333333 2.5 2.666667 2.833333 3 3.166667 3.333333 3.5 3.666667 3.833333 4 4.166667 4.333333 4.5 4.666667 4.833333 5 5.166667 5.333333 5.5 5.666667 5.833333 6 6.166667 6.333333 6.5 6.666667 6.833333 7 7.166667 7.333333 7.5 7.666667 7.833333 8 8.166667 8.333333 8.5 8.666667 8.833333 9 9.166667 9.333333 9.5 9.666667 9.833333 10 10.16667 10.33333 10.5 10.66667 10.83333 11 11.16667 11.33333 11.5 11.66667 11.83333 12 12.16667 12.33333 12.5 12.66667 12.83333 13 13.16667 13.33333 13.5 13.66667 13.83333 14 14.16667 14.33333 14.5 14.66667 14.83333 15 15.16667 15.33333 15.5 15.66667 15.83333 16 16.16667 16.33333 16.5 16.66667 16.83333 17 17.16667 17.33333 17.5 17.66667 17.83333 18 18.16667 18.33333 18.5 18.66667 18.83333 19 19.16667 19.33333 19.5 19.66667 19.83333 20 20.16667 20.33333 20.5 20.66667 20.83333 21 21.16667 21.33333 21.5 21.66667 21.83333 22 22.16667 22.33333 22.5 22.66667 22.83333 23 23.16667 23.33333 23.5 23.66667 23.83333 24 24.16667 24.33333 24.5 24.66667 24.83333 25 25.16667 25.33333 25.66667 25.83333 26 26.16667 26.33333 26.5 26.66667 26.83333 27 27.16667 27.33333 27.5 27.66667 27.83333 28 28.16667 28.33333 28.5 28.66667 28.83333 29 29.16667 29.33333 29.5 29.66667 29.83333 30 30.16667 30.33333 30.5 30.66667 30.83333 31 31.16667 31.33333 31.5 31.66667 31.83333 32 32.16667 32.33333 32.5 32.66667 32.83333 33 33.16667 33.33333 33.5 33.66667 33.83333 34 34.16667 34.33333 34.5 34.66667 34.83333 35 35.16667 35.33333 35.5 35.66667 35.83333 36 36.16667 36.33333 36.5 36.66667 36.83333 37 37.16667 37.33333 37.5 37.66667 37.83333 38 38.16667 38.33333 38.5 38.66667 38.83333 39.16667 39.33333 39.66667 39.83333 40 40.16667 40.33333 40.66667 40.83333 41 41.16667 41.33333 41.5 41.66667 41.83333 42 42.16667 42.33333 42.5 42.66667 42.83333 43 43.16667 43.33333 43.5 43.66667 43.83333 44 44.16667 44.33333 44.5 44.66667 44.83333 45 45.16667 45.33333 45.5 45.66667 45.83333 46 46.16667 46.33333 46.5 46.66667 46.83333 47 47.16667 47.33333 47.5 47.66667 47.83333 48.16667 48.33333 48.5 48.66667 48.83333 49 49.16667 49.33333 49.5 49.66667 49.83333 50.16667 50.33333 50.5 50.66667 50.83333 51 51.16667 51.33333 51.5 51.66667 51.83333 52 52.16667 52.33333 52.5 52.66667 52.83333 53 53.16667 53.33333 53.5 53.66667 53.83333 54 54.16667 54.33333 54.5 54.66667 54.83333 55 55.16667 55.33333 55.5 55.66667 55.83333 56 56.16667 56.33333 56.5 56.66667 56.83333 57 57.16667 57.33333 57.5 57.66667 57.83333 58 58.16667 58.33333 58.5 58.66667 58.83333 59 59.16667 59.33333 59.5 59.66667 59.83333 60 60.16667 60.33333 60.5 60.66667 60.83333 61 61.16667 61.33333 61.5 61.66667 61.83333 62 62.16667 62.33333 62.5 62.66667 62.83333 63 63.16667 63.33333 63.5 63.66667 63.83333 64 64.16667 64.33333 64.5 64.66667 64.83333 65 65.16667 65.33333 65.5 65.66667 65.83333 66 66.16667 66.33333 66.5 66.66667 66.83333 67 67.16667 67.33333 67.5 67.66667 67.83333 68 68.16667 68.33333 68.5 68.66667 68.83333 69 69.16667 69.33333 69.5 69.66667 69.83333 70 70.16667 70.33333 70.5 70.66667 70.83333 71 71.16667 71.33333 71.5 71.66667 71.83333 72.16667 72.33333 72.5 72.66667 72.83333 73 73.16667 73.33333 73.5 73.66667 73.83333 74 74.16667 74.33333 74.5 74.66667 74.83333 75 75.33333 75.5 75.66667 75.83333 76 76.16667 76.33333 76.5 76.66667 76.83333 77 77.16667 77.33333 77.5 77.66667 77.83333 78 78.16667 78.33333 78.5 78.66667 78.83333 79 79.16667 79.33333 79.5 79.66667 79.83333 80 80.16667 80.33333 80.5 80.66667 80.83333 81 81.16667 81.33333 81.5 81.66667 81.83333 82 82.16667 82.33333 82.5 82.66667 82.83333 83 83.16667 83.33333 83.5 83.66667 83.83333 84 84.16667 84.33333 84.5 84.66667 84.83333 85 85.16667 85.33333 85.5 85.66667 85.83333 86 86.16667 86.33333 86.5 86.66667 86.83333 87.16667 87.33333 87.5 87.66667 87.83333 88 88.16667 88.33333 88.5 88.66667 88.83333 89 89.16667 89.33333 89.5 89.66667 89.83333 90 90.16667 90.33333 90.5 90.66667 90.83333 91 91.16667 91.33333 91.5 91.66667 91.83333 92 92.16667 92.33333 92.5 92.66667 92.83333 93 93.16667 93.33333 93.5 93.66667 93.83333 94 94.16667 94.33333 94.5 94.66667 94.83333 95 95.16667 95.33333 95.5 95.66667 95.83333 96 96.16667 96.33333 96.5 96.66667 96.83333 97 97.16667 97.66667 97.83333 98 98.16667 98.33333 98.5 98.66667 98.83333 99 99.16667 99.33333 99.5 99.66667 99.83333 100 100.1667 100.3333 100.5 100.6667 100.8333 101 101.1667 101.3333 101.5 101.6667 101.8333 102 102.1667 102.3333 102.5 102.6667 102.8333 103 103.1667 103.3333 103.5 103.6667 103.8333 104 104.1667 104.3333 104.5 104.6667 104.8333 105 105.1667 105.3333 105.5 105.6667 105.8333 106 106.1667 106.3333 106.5 106.6667 106.8333 107 107.1667 107.3333 107.5 107.6667 107.8333 108 108.1667 108.3333 108.5 108.6667 108.8333 109 109.1667 109.3333 109.5 109.6667 109.8333 110 110.1667 110.3333 110.5 110.6667 110.8333 111 111.1667 111.3333 111.5 111.6667 111.8333 112 112.1667 112.3333 112.5 112.6667 112.8333 113 113.1667 113.3333 113.5 113.6667 113.8333 114 114.1667 114.3333 114.5 114.6667 114.8333 115 115.1667 115.3333 115.5 115.6667 115.8333 116 116.1667 116.3333 116.5 116.6667 116.8333 117 117.1667 117.3333 117.5 117.6667 117.8333 118 118.1667 118.3333 118.5 118.6667 118.8333 119 119.1667 119.3333 119.5 119.6667 119.8333 120 120.1667 120.3333 121.1667 121.3333 121.5 121.6667 121.8333 122 122.1667 122.3333 122.5 122.6667 122.8333 123 123.1667 123.3333 123.5 123.6667 123.8333 124 124.1667 124.3333 124.5 124.8333 125 125.1667 125.3333 125.5 125.6667 125.8333 126 126.1667 126.3333 126.5 126.6667 126.8333 127 127.1667 127.3333 127.5 127.6667 127.8333 128 128.1667 128.3333 128.5 128.6667 128.8333 129 129.1667 129.3333 129.5 129.6667 129.8333 130 130.1667 130.3333 130.5 130.6667 130.8333 131 131.1667 131.3333 131.5 131.6667 131.8333 132 132.1667 132.3333 132.5 132.6667 132.8333 133 133.1667 133.3333 133.5 133.6667 133.8333 134 134.1667 134.3333 134.5 134.6667 134.8333 135 135.1667 135.3333 135.5 135.6667 135.8333 136 136.1667 136.3333 136.5 136.6667 136.8333 137 137.1667 137.3333 137.5 137.6667 137.8333 138 138.1667 138.3333 138.5 138.6667 138.8333 139 139.1667 139.3333 139.5 139.6667 139.8333 140 140.1667 140.3333 140.5 140.6667 140.8333 141 141.1667 141.3333 141.5 141.6667 141.8333 142 142.1667 142.3333 142.5 142.6667 142.8333 143 143.1667 143.3333 143.5 143.6667 144 144.1667 144.3333 144.5 144.6667 144.8333 145 145.1667 145.3333 145.5 145.6667 145.8333 146 146.1667 146.3333 146.5 146.6667 146.8333 147 147.1667 147.3333 147.5 147.6667 147.8333 148 148.1667 148.3333 148.5 148.6667 148.8333 149 149.1667 149.3333 149.5 149.6667 149.8333 150 150.1667 150.3333 150.5 150.6667 150.8333 151 151.1667 151.3333 151.5 151.6667 151.8333 152 152.1667 152.3333 152.5 152.6667 152.8333 153 153.1667 153.3333 153.5 153.6667 153.8333 154 154.1667 154.3333 154.5 154.6667 154.8333 155 155.1667 155.3333 155.5 155.6667 155.8333 156 156.1667 156.3333 156.5 156.6667 156.8333 157 157.1667 157.3333 157.5 157.6667 157.8333 158 158.1667 158.3333 158.5 158.6667 158.8333 159 159.1667 159.3333 159.5 159.6667 159.8333 160 160.1667 160.3333 160.5 160.8333 161 161.1667 161.3333 161.5 161.6667 161.8333 162 162.1667 162.3333 162.5 162.6667 162.8333 163 163.1667 163.3333 163.5 163.6667 163.8333 164 164.1667 164.3333 164.5 164.6667 164.8333 165 165.1667 165.3333 165.5 165.6667 165.8333 166 166.1667 166.3333 166.5 166.6667 166.8333 167 167.1667 167.3333 167.5 167.6667 167.8333 168 168.1667 168.3333 168.5 168.6667 168.8333 169 169.1667 169.3333 169.5 169.6667 169.8333 170 170.1667 170.3333 170.5 170.6667 170.8333 171 171.1667 171.3333 171.5 171.6667 171.8333 172 172.1667 172.3333 172.5 172.6667 172.8333 173 173.1667 173.3333 173.5 173.6667 173.8333 174 174.1667 174.3333 174.5 174.6667 174.8333 175 175.1667 175.3333 175.5 175.6667 175.8333 176 176.1667 176.3333 176.5 176.6667 176.8333 177 177.1667 177.3333 177.5 177.6667 177.8333 178 178.1667 178.3333 178.5 178.6667 178.8333 179 179.1667 179.3333 179.5 179.6667 179.8333 180 180.1667 180.3333 180.5 180.6667 180.8333 181 181.1667 181.3333 181.5 181.6667 181.8333 182 182.1667 182.3333 182.5 182.6667 182.8333 183 183.1667 183.3333 183.5 183.6667 183.8333 184 184.1667 184.6667 184.8333 185 185.1667 185.3333 185.5 185.6667 185.8333 186 186.1667 186.3333 186.5 186.6667 186.8333 187 187.1667 187.3333 187.5 187.6667 187.8333 188 188.1667 188.3333 188.5 188.6667 188.8333 189 189.1667 189.3333 189.5 189.6667 189.8333 190 190.1667 190.3333 190.5 190.6667 190.8333 191 191.1667 191.3333 191.5 191.6667 191.8333 192 192.1667 192.3333 192.5 192.6667 192.8333 193 193.1667 193.3333 193.5 193.6667 193.8333 194 194.1667 194.3333 194.5 194.6667 194.8333 195 195.1667 195.3333 195.5 195.6667 195.8333 196 196.1667 196.3333 196.5 196.6667 196.8333 197 197.3333 197.5 197.6667 198.3333 198.5 198.6667 198.8333 199 199.1667 199.3333 199.5 199.6667 199.8333 200 200.1667 200.3333 200.5 200.6667 200.8333 201 201.1667 201.3333 201.5 201.6667 201.8333 202 202.1667 202.3333 202.5 202.6667 202.8333 203 203.1667 203.3333 203.5 203.6667 203.8333 204 204.1667 204.3333 204.5 204.6667 204.8333 205 205.1667 205.3333 205.5 205.6667 206.1667 206.3333 206.5 206.6667 206.8333 207 207.5 207.6667 207.8333 208 208.1667 208.3333 208.5 208.6667 208.8333 209 209.1667 209.3333 209.6667 209.8333 210 210.1667 210.3333 210.5 210.6667 210.8333 211 211.1667 211.3333 211.5 211.6667 211.8333 212 212.1667 212.3333 212.5 212.6667 212.8333 213 213.1667 213.3333 213.5 213.6667 213.8333 214 214.1667 214.3333 214.5 214.6667 214.8333 215 215.1667 215.3333 215.5 215.6667 215.8333 

# O18data 
 16 16 

# DOY_18O 
 242 250 

# TOD_18O 
 0.1333333 23.96667 

# Int_18O 
 0 215.8333 

# endofdata 
 -999 

